1.233933161953727486e+00 9.783427495291902032e-01
1.388174807197943394e+00 9.689265536723163930e-01
1.542416452442159303e+00 9.496233521657250209e-01
1.696658097686375211e+00 9.402071563088512107e-01
1.850899742930591341e+00 9.293785310734463678e-01
2.005141388174807027e+00 9.069340248834553142e-01
2.159383033419023157e+00 8.951201949706436567e-01
2.313624678663238843e+00 8.818600736629835790e-01
2.467866323907454973e+00 8.666445109117093537e-01
2.622107969151671103e+00 8.553976749784064637e-01
2.776349614395886789e+00 8.382800608828006039e-01
2.930591259640102919e+00 8.279871642382793384e-01
3.084832904884318605e+00 8.103271983640081277e-01
3.239074550128534735e+00 7.986484313995682038e-01
3.393316195372750421e+00 7.770628443886447023e-01
3.547557840616966551e+00 7.543419125340029563e-01
3.701799485861182681e+00 7.415430790960452212e-01
3.856041131105398367e+00 7.226930320150659615e-01
4.010282776349614053e+00 7.123482543821526569e-01
4.164524421593830183e+00 6.820724361132937119e-01
4.318766066838046314e+00 6.697711189525847875e-01
4.473007712082262444e+00 6.585059635907093423e-01
4.627249357326477686e+00 6.295026696854920667e-01
4.781491002570693816e+00 6.170183027306967993e-01
4.935732647814909946e+00 6.052154195011338889e-01
5.089974293059126076e+00 5.853831034794694244e-01
5.244215938303342206e+00 5.672611794246888994e-01
5.398457583547557448e+00 5.533739814659432987e-01
5.552699228791773578e+00 5.478680766816359515e-01
5.706940874035989708e+00 5.262285768393144547e-01
5.861182519280205838e+00 5.205240222484999180e-01
6.015424164524421080e+00 5.157750342935528698e-01
6.169665809768637210e+00 5.033051479417081087e-01
6.323907455012853340e+00 4.902652110502244698e-01
6.478149100257069470e+00 4.766654896421845811e-01
6.632390745501285600e+00 4.731790292205819703e-01
6.786632390745500842e+00 4.627976190476190688e-01
6.940874035989716972e+00 4.613850368087656362e-01
7.095115681233933103e+00 4.694845504638348599e-01
7.249357326478149233e+00 4.416094607456007015e-01
7.403598971722365363e+00 4.461795636809919863e-01
7.557840616966580605e+00 4.461608143221530431e-01
7.712082262210796735e+00 4.324197078434366404e-01
7.866323907455012865e+00 4.338726245505906132e-01
8.020565552699228107e+00 4.278597898062086458e-01
8.174807197943444237e+00 4.464012476459510159e-01
8.329048843187660367e+00 4.161220043572985139e-01
8.483290488431876497e+00 4.199431184903340553e-01
8.637532133676092627e+00 4.380885122410546062e-01
8.791773778920308757e+00 4.188224799286351940e-01
8.946015424164524887e+00 4.304628202933287184e-01
9.100257069408741017e+00 4.287821720025110084e-01
9.254498714652955371e+00 4.592592592592592560e-01
9.408740359897171501e+00 4.141897977564890088e-01
9.562982005141387631e+00 4.139987445072190742e-01
9.717223650385603761e+00 4.732066426981681451e-01
9.871465295629819892e+00 4.397677338355304721e-01
1.002570694087403602e+01 4.181732580037664793e-01
1.017994858611825215e+01 4.113966344693518185e-01
1.033419023136246828e+01 4.303463067587361968e-01
1.048843187660668441e+01 4.170433145009416753e-01
1.064267352185089877e+01 4.176531252802438976e-01
1.079691516709511490e+01 4.547692206032973861e-01
1.095115681233933103e+01 4.266602707600469779e-01
1.110539845758354716e+01 4.307741458165187387e-01
1.125964010282776329e+01 4.342510387708127251e-01
1.141388174807197942e+01 4.258511942127761740e-01
1.156812339331619555e+01 4.317536610731652624e-01
1.172236503856041168e+01 4.351006808633928191e-01
1.187660668380462781e+01 4.430549813972716189e-01
1.203084832904884216e+01 4.420416910188973425e-01
1.218508997429305829e+01 4.491727922564445752e-01
1.233933161953727442e+01 4.551827122448591778e-01
1.249357326478149055e+01 4.575706214689265749e-01
1.264781491002570668e+01 4.625682907273778177e-01
1.280205655526992281e+01 4.697568909433316175e-01
1.295629820051413894e+01 4.734079654041989382e-01
1.311053984575835507e+01 4.828625235404896410e-01
1.326478149100257120e+01 4.866521293818351079e-01
1.341902313624678555e+01 4.972065285624607256e-01
1.357326478149100168e+01 5.043132251989551618e-01
1.372750642673521781e+01 5.108286252354048429e-01
1.388174807197943394e+01 5.235404896421845811e-01
1.403598971722365008e+01 5.296610169491525744e-01
1.419023136246786621e+01 5.390841364794505264e-01
1.434447300771208234e+01 5.508474576271187306e-01
1.449871465295629847e+01 5.630885122410546062e-01
1.465295629820051460e+01 5.720338983050847759e-01
1.480719794344473073e+01 5.805084745762711940e-01
1.496143958868894508e+01 5.929806539976032465e-01
1.511568123393316121e+01 5.998005326558130124e-01
1.526992287917737734e+01 6.092335443468790412e-01
1.542416452442159347e+01 6.218845016780818469e-01
1.557840616966580960e+01 6.319347967027878488e-01
1.573264781491002573e+01 6.451782936215508801e-01
1.588688946015424186e+01 6.548964218455743946e-01
1.604113110539845621e+01 6.679306886104969809e-01
1.619537275064267234e+01 6.784369114877589757e-01
1.634961439588688847e+01 6.844436166470064808e-01
1.650385604113110460e+01 6.994036409290647072e-01
1.665809768637532073e+01 7.052259887005649652e-01
1.681233933161953686e+01 7.213505515200431262e-01
1.696658097686375299e+01 7.325800376647834122e-01
1.712082262210796912e+01 7.456067038857130402e-01
1.727506426735218525e+01 7.535138486978090189e-01
1.742930591259640138e+01 7.627118644067796271e-01
1.758354755784061751e+01 7.773069679849340385e-01
1.773778920308483364e+01 7.807982977474503539e-01
1.789203084832904977e+01 7.930280642145048908e-01
1.804627249357326590e+01 8.041431261770244365e-01
1.820051413881748203e+01 8.068325001016136699e-01
1.835475578406169461e+01 8.172972664498088236e-01
1.850899742930591074e+01 8.249954437761982673e-01
1.866323907455012687e+01 8.351686935427240499e-01
1.881748071979434300e+01 8.373497991767078208e-01
1.897172236503855913e+01 8.424030842483032355e-01
1.912596401028277526e+01 8.480149121795610423e-01
1.928020565552699139e+01 8.562879263444235223e-01
1.943444730077120752e+01 8.489891770471718058e-01
1.958868894601542365e+01 8.653611238357000746e-01
1.974293059125963978e+01 8.650294635805844123e-01
1.989717223650385591e+01 8.738394951597449056e-01
2.005141388174807204e+01 8.560691662386578082e-01
2.020565552699228817e+01 8.704417051874678846e-01
2.035989717223650430e+01 8.623062436621758975e-01
2.051413881748072043e+01 8.510856319929100966e-01
2.066838046272493656e+01 8.629581341445747844e-01
2.082262210796915269e+01 8.634856300663227291e-01
2.097686375321336882e+01 8.695026033012074329e-01
2.113110539845758495e+01 8.622208770513855036e-01
2.128534704370179753e+01 8.654208315225264680e-01
2.143958868894601366e+01 8.630347054075867552e-01
2.159383033419022979e+01 8.487925814679730951e-01
2.174807197943444592e+01 8.561648388168826562e-01
2.190231362467866205e+01 8.414099054497446994e-01
2.205655526992287818e+01 8.465944758317639485e-01
2.221079691516709431e+01 8.367615599802533666e-01
2.236503856041131044e+01 8.342499541689581966e-01
2.251928020565552657e+01 8.275490987355393901e-01
2.267352185089974270e+01 8.188129614683287150e-01
2.282776349614395883e+01 8.116128397560221641e-01
2.298200514138817496e+01 7.994745367626723276e-01
2.313624678663239109e+01 7.901911549302709226e-01
2.329048843187660722e+01 7.824084006770125610e-01
2.344473007712082335e+01 7.678710375858452952e-01
2.359897172236503948e+01 7.603632270493755341e-01
2.375321336760925561e+01 7.518204645323289803e-01
2.390745501285347174e+01 7.368441595191397298e-01
2.406169665809768432e+01 7.255526796730771277e-01
2.421593830334190045e+01 7.187487989546100797e-01
2.437017994858611658e+01 7.061160434041789946e-01
2.452442159383033271e+01 6.822033898305084332e-01
2.467866323907454884e+01 6.704737320605234085e-01
2.483290488431876497e+01 6.591337099811676037e-01
2.498714652956298110e+01 6.398305084745763427e-01
2.514138817480719723e+01 6.280602636534839966e-01
2.529562982005141336e+01 6.135291902071562387e-01
2.544987146529562949e+01 5.965160075329567491e-01
2.560411311053984562e+01 5.809908144048580025e-01
2.575835475578406175e+01 5.635593220338983578e-01
2.591259640102827788e+01 5.520008470794666167e-01
2.606683804627249401e+01 5.306397543193379640e-01
2.622107969151671014e+01 5.178029940310893142e-01
2.637532133676092627e+01 5.043184622378076298e-01
2.652956298200514240e+01 4.897524998227076320e-01
2.668380462724935853e+01 4.743618845843422527e-01
2.683804627249357111e+01 4.571563088512241579e-01
2.699228791773778724e+01 4.476294618448800611e-01
2.714652956298200337e+01 4.298700105645124614e-01
2.730077120822621950e+01 4.195781919030086016e-01
2.745501285347043563e+01 4.100753295668549958e-01
2.760925449871465176e+01 3.926553672316384080e-01
2.776349614395886789e+01 3.853448811075930180e-01
2.791773778920308402e+01 3.710917280646689465e-01
2.807197943444730015e+01 3.611343609774244623e-01
2.822622107969151628e+01 3.495778725802939357e-01
2.838046272493573241e+01 3.416477702191988985e-01
2.853470437017994854e+01 3.332728006456820991e-01
2.868894601542416467e+01 3.239171374764595601e-01
2.884318766066838080e+01 3.135593220338983578e-01
2.899742930591259693e+01 3.070233743214799693e-01
2.915167095115681306e+01 2.995962063758674798e-01
2.930591259640102919e+01 2.881546158382316536e-01
2.946015424164524532e+01 2.873669241707982325e-01
2.961439588688946145e+01 2.799414993789318684e-01
2.976863753213367403e+01 2.756239582656883069e-01
2.992287917737789016e+01 2.717020894986996726e-01
3.007712082262210629e+01 2.754007624822011335e-01
3.023136246786632242e+01 2.624280886412300173e-01
3.038560411311053855e+01 2.550287944539970653e-01
3.053984575835475468e+01 2.597104519774011688e-01
3.069408740359897081e+01 2.517520298848446858e-01
3.084832904884318694e+01 2.472864235576099912e-01
3.100257069408740307e+01 2.458515439007924464e-01
3.115681233933161920e+01 2.603752528422961232e-01
3.131105398457583533e+01 2.466847143753923000e-01
3.146529562982005146e+01 2.381669805398618500e-01
3.161953727506426759e+01 2.445296385974351505e-01
3.177377892030848372e+01 2.358877782606596529e-01
3.192802056555269985e+01 2.165725047080979682e-01
3.208226221079691243e+01 2.340067340067339963e-01
3.223650385604113211e+01 2.341899034080554554e-01
3.239074550128534469e+01 2.310539645431521905e-01
3.254498714652956437e+01 2.338704052451697768e-01
3.269922879177377695e+01 2.519355513705796579e-01
3.285347043701799663e+01 2.345042168181447062e-01
3.300771208226220921e+01 2.624662245148612350e-01
3.316195372750642889e+01 2.362523540489642748e-01
3.331619537275064147e+01 2.471956112339310785e-01
3.347043701799486115e+01 2.430827176589889227e-01
3.362467866323907373e+01 2.290670722874112997e-01
3.377892030848329341e+01 2.680762426525139519e-01
3.393316195372750599e+01 2.212156633547632811e-01
3.408740359897171857e+01 2.305790960451977734e-01
3.424164524421593825e+01 2.574484523637067257e-01
3.439588688946015083e+01 2.361817325800377176e-01
3.455012853470437051e+01 2.255414312617702866e-01
3.470437017994858309e+01 2.344423519564762248e-01
3.485861182519280277e+01 2.556941335323170694e-01
3.501285347043701535e+01 2.391713747645951571e-01
3.516709511568123503e+01 2.374935798664612463e-01
3.532133676092544761e+01 2.578299290163696966e-01
3.547557840616966729e+01 2.455273069679849707e-01
3.562982005141387987e+01 2.509130856588484004e-01
3.578406169665809955e+01 2.548862421743778306e-01
3.593830334190231213e+01 2.616724142147871524e-01
3.609254498714653181e+01 2.654481001440124333e-01
3.624678663239074439e+01 2.689117416788336934e-01
3.640102827763496407e+01 2.766614246607258520e-01
3.655526992287917665e+01 2.802824858757062554e-01
3.670951156812338922e+01 2.848580327393887002e-01
3.686375321336760891e+01 2.935817173105308431e-01
3.701799485861182148e+01 3.001995911600431333e-01
3.717223650385604117e+01 3.065422091214280442e-01
3.732647814910025375e+01 3.148474576271187431e-01
3.748071979434447343e+01 3.220486111111111605e-01
3.763496143958868601e+01 3.325704152748567566e-01
3.778920308483290569e+01 3.404281753504917463e-01
3.794344473007711827e+01 3.545197740112994156e-01
3.809768637532133795e+01 3.620527306967985526e-01
3.825192802056555053e+01 3.719397363465160034e-01
3.840616966580977021e+01 3.846516007532957415e-01
3.856041131105398279e+01 3.926660070009682091e-01
3.871465295629820247e+01 4.105461393596987474e-01
3.886889460154241505e+01 4.190207156308851655e-01
3.902313624678663473e+01 4.354990583804143611e-01
3.917737789203084731e+01 4.462995755684853183e-01
3.933161953727506699e+01 4.564840580524871516e-01
3.948586118251927957e+01 4.730318390622525460e-01
3.964010282776349214e+01 4.823597505140033714e-01
3.979434447300771183e+01 4.970469395153090941e-01
3.994858611825192440e+01 5.116009184920871089e-01
4.010282776349614409e+01 5.280594412782999569e-01
4.025706940874035666e+01 5.420562669100897901e-01
4.041131105398457635e+01 5.518955211659706261e-01
4.056555269922878892e+01 5.725047080979284164e-01
4.071979434447300861e+01 5.819209039548023377e-01
4.087403598971722118e+01 5.951891799349426915e-01
4.102827763496144087e+01 6.129984983863876469e-01
4.118251928020565344e+01 6.270848639929738066e-01
4.133676092544987313e+01 6.408982378262039203e-01
4.149100257069408570e+01 6.520715630885123293e-01
4.164524421593830539e+01 6.709039548022599497e-01
4.179948586118251797e+01 6.793785310734463678e-01
4.195372750642673765e+01 6.871173191759172294e-01
4.210796915167095023e+01 7.028869760700446889e-01
4.226221079691516991e+01 7.093534212178280729e-01
4.241645244215938249e+01 7.278719397363464516e-01
4.257069408740359506e+01 7.330508474576271638e-01
4.272493573264781475e+01 7.479123302606799362e-01
4.287917737789202732e+01 7.546593934671081971e-01
4.303341902313624701e+01 7.603062669250966188e-01
4.318766066838045958e+01 7.711630947378250722e-01
4.334190231362467927e+01 7.761092939505072064e-01
4.349614395886889184e+01 7.800564971751412502e-01
4.365038560411311153e+01 7.928436911487759531e-01
4.380462724935732410e+01 7.898758015685714007e-01
4.395886889460154379e+01 7.930589184826473126e-01
4.411311053984575636e+01 8.027082772845485215e-01
4.426735218508997605e+01 8.067648905136441950e-01
4.442159383033418862e+01 7.994154111738858148e-01
4.457583547557840831e+01 7.788159737312280173e-01
4.473007712082262088e+01 8.118187524967186430e-01
4.488431876606684057e+01 7.642812303829252807e-01
4.503856041131105314e+01 7.999843063402385379e-01
4.519280205655526572e+01 7.987469216282775397e-01
4.534704370179948540e+01 7.981229353832854923e-01
4.550128534704369798e+01 7.953498478922207404e-01
4.565552699228791766e+01 7.925298179535467114e-01
4.580976863753213024e+01 7.886004433955517978e-01
4.596401028277634992e+01 7.803700011077877585e-01
4.611825192802056250e+01 7.762117157300030268e-01
4.627249357326478219e+01 7.800069180214458386e-01
4.642673521850899476e+01 7.626270338134745197e-01
4.658097686375321445e+01 7.660033664983417756e-01
4.673521850899742702e+01 7.596823057397854573e-01
4.688946015424164671e+01 7.532256307294827868e-01
4.704370179948585928e+01 7.446592514124293904e-01
4.719794344473007897e+01 7.349267302259887558e-01
4.735218508997429154e+01 7.265712853446056885e-01
4.750642673521851123e+01 7.132095776163572820e-01
4.766066838046272380e+01 7.069930947897049567e-01
4.781491002570694349e+01 7.015809297254436139e-01
4.796915167095115606e+01 6.886261653995490173e-01
4.812339331619536864e+01 6.785787216663263788e-01
4.827763496143958832e+01 6.694313055665046530e-01
4.843187660668380090e+01 6.537464110401036699e-01
4.858611825192802058e+01 6.431058176820888539e-01
4.874035989717223316e+01 6.290446841294299318e-01
4.889460154241645284e+01 6.178283082545542593e-01
4.904884318766066542e+01 6.012241054613935987e-01
4.920308483290488510e+01 5.897895305851991177e-01
4.935732647814909768e+01 5.835238470634608321e-01
4.951156812339331736e+01 5.647427088105054782e-01
4.966580976863752994e+01 5.506615584814464892e-01
4.982005141388174962e+01 5.333317373679338225e-01
4.997429305912596220e+01 5.202448210922787641e-01
5.012853470437018188e+01 5.004708097928436406e-01
5.028277634961439446e+01 4.901129943502825492e-01
5.043701799485861414e+01 4.792843691148775953e-01
5.059125964010282672e+01 4.585687382297551906e-01
5.074550128534704641e+01 4.486817325800377398e-01
5.089974293059125898e+01 4.334350441409012822e-01
5.105398457583547156e+01 4.166727810795607390e-01
5.120822622107969124e+01 3.991178978786910081e-01
5.136246786632390382e+01 3.828580396377007089e-01
5.151670951156812350e+01 3.761770244821092124e-01
5.167095115681233608e+01 3.587570621468927357e-01
5.182519280205655576e+01 3.507532956685499581e-01
5.197943444730076834e+01 3.401419672606114109e-01
5.213367609254498802e+01 3.243879472693032007e-01
5.228791773778920060e+01 3.126793561115595033e-01
5.244215938303342028e+01 3.010698647071736733e-01
5.259640102827763286e+01 2.923728813559322015e-01
5.275064267352185254e+01 2.782485875706215417e-01
5.290488431876606512e+01 2.711864406779661563e-01
5.305912596401028480e+01 2.682491497315681039e-01
5.321336760925449738e+01 2.537664783427495685e-01
5.336760925449871706e+01 2.494972708991668453e-01
5.352185089974292964e+01 2.430405752439651623e-01
5.367609254498714222e+01 2.339186145267899697e-01
5.383033419023136190e+01 2.276188161918069053e-01
5.398457583547557448e+01 2.206987028925707639e-01
5.413881748071979416e+01 2.128060263653483997e-01
5.429305912596400674e+01 2.097517987348496149e-01
5.444730077120822642e+01 2.058019245156463839e-01
5.460154241645243900e+01 2.056654111738857038e-01
5.475578406169665868e+01 2.013906996957844919e-01
5.491002570694087126e+01 1.929494168566425749e-01
5.506426735218509094e+01 1.894224733207784395e-01
5.521850899742930352e+01 1.970724191063174535e-01
5.537275064267352320e+01 1.836976991730123743e-01
5.552699228791773578e+01 1.820749871597329150e-01
5.568123393316195546e+01 1.869459372559827415e-01
5.583547557840616804e+01 1.856725146198831000e-01
5.598971722365038772e+01 1.846682175695136818e-01
5.614395886889460030e+01 1.911773098213775945e-01
5.629820051413881998e+01 1.755958179102539152e-01
5.645244215938303256e+01 1.835809444095696241e-01
5.660668380462724514e+01 1.614877589453861395e-01
5.676092544987146482e+01 1.857558637219653974e-01
5.691516709511567740e+01 1.871468926553672141e-01
5.706940874035989708e+01 1.860640301318268186e-01
5.722365038560410966e+01 1.938508147056414721e-01
5.737789203084832934e+01 1.610169491525423879e-01
5.753213367609254192e+01 1.825655512096190369e-01
5.768637532133676160e+01 1.798807281858129103e-01
5.784061696658097418e+01 1.819679849340866129e-01
5.799485861182519386e+01 1.819107242836056626e-01
5.814910025706940644e+01 1.777005166835675665e-01
5.830334190231362612e+01 1.942397445345124263e-01
5.845758354755783870e+01 1.819529590896341587e-01
5.861182519280205838e+01 1.877330970052805137e-01
5.876606683804627096e+01 1.906617312812520781e-01
5.892030848329049064e+01 1.903483992467043251e-01
5.907455012853470322e+01 1.975877921790185621e-01
5.922879177377892290e+01 2.003198926811651237e-01
5.938303341902313548e+01 2.057067102785211654e-01
5.953727506426734806e+01 2.081886869511946347e-01
5.969151670951156774e+01 2.139169258765526438e-01
5.984575835475578032e+01 2.194964813162850747e-01
6.000000000000000000e+01 2.240382028517622359e-01
6.015424164524421258e+01 2.296505545093115996e-01
6.030848329048843226e+01 2.388405354507049383e-01
6.046272493573264484e+01 2.459656471199428429e-01
6.061696658097686452e+01 2.548399246704331489e-01
6.077120822622107710e+01 2.615330429407283219e-01
6.092544987146529678e+01 2.720675275760021661e-01
6.107969151670950936e+01 2.794355587384950157e-01
6.123393316195372904e+01 2.860271841480389599e-01
6.138817480719794162e+01 2.945463457420736120e-01
6.154241645244216130e+01 3.047212090872249979e-01
6.169665809768637388e+01 3.206214689265537432e-01
6.185089974293059356e+01 3.300376647834275534e-01
6.200514138817480614e+01 3.423938062356142176e-01
6.215938303341901872e+01 3.535781544256121345e-01
6.231362467866323840e+01 3.629943502824859447e-01
6.246786632390745098e+01 3.790018832391713888e-01
6.262210796915167066e+01 3.888888888888889506e-01
6.277634961439588324e+01 4.016007532956685777e-01
6.293059125964010292e+01 4.166666666666667407e-01
6.308483290488431550e+01 4.340100379351048421e-01
6.323907455012853518e+01 4.496233521657250209e-01
6.339331619537274776e+01 4.571479015334948270e-01
6.354755784061696744e+01 4.756954769220603785e-01
6.370179948586118002e+01 4.862019691413089761e-01
6.385604113110539970e+01 4.999066863473643485e-01
6.401028277634961228e+01 5.165782114934658331e-01
6.416452442159382485e+01 5.270854104353606129e-01
6.431876606683805164e+01 5.471366023822578084e-01
6.447300771208226422e+01 5.578474976960372533e-01
6.462724935732647680e+01 5.800254359576393348e-01
6.478149100257068937e+01 5.881453762809695229e-01
6.493573264781490195e+01 6.012241054613935987e-01
6.508997429305912874e+01 6.196532475319432853e-01
6.524421593830334132e+01 6.294896591506761174e-01
6.539845758354755390e+01 6.496229222024438865e-01
6.555269922879176647e+01 6.585059635907093423e-01
6.570694087403599326e+01 6.746682018189770202e-01
6.586118251928020584e+01 6.857654678241698054e-01
6.601542416452441842e+01 6.954830650427277217e-01
6.616966580976863099e+01 7.132102818942822609e-01
6.632390745501285778e+01 7.185013061174898574e-01
6.647814910025707036e+01 7.358812451534286758e-01
6.663239074550128294e+01 7.419962335216572225e-01
6.678663239074549551e+01 7.553683799549859579e-01
6.694087403598972230e+01 7.647460041527838204e-01
6.709511568123393488e+01 7.697231129434518593e-01
6.724935732647814746e+01 7.805886866150519854e-01
6.740359897172236003e+01 7.862817796610169774e-01
6.755784061696658682e+01 7.988183924137126635e-01
6.771208226221079940e+01 8.048108200650573307e-01
6.786632390745501198e+01 8.101067168863779200e-01
6.802056555269922455e+01 8.120213433772756062e-01
6.817480719794343713e+01 8.150053806833468251e-01
6.832904884318766392e+01 8.144224733207784395e-01
6.848329048843187650e+01 8.292873116760828278e-01
6.863753213367608907e+01 8.320507825183454109e-01
6.879177377892030165e+01 8.168549905838041747e-01
6.894601542416452844e+01 8.161273754494093868e-01
6.910025706940874102e+01 7.806026365348399665e-01
6.925449871465295359e+01 8.256269204083654945e-01
6.940874035989716617e+01 8.082362888658287670e-01
6.956298200514139296e+01 8.254019991308126913e-01
6.971722365038560554e+01 8.176667316059484936e-01
6.987146529562981812e+01 8.218230879500800778e-01
7.002570694087403069e+01 8.136708296164139043e-01
7.017994858611825748e+01 8.116312438346336977e-01
7.033419023136247006e+01 8.103181683021112303e-01
7.048843187660668264e+01 7.971594475831764726e-01
7.064267352185089521e+01 7.995567894019092181e-01
7.079691516709510779e+01 7.923497267759562757e-01
7.095115681233933458e+01 7.861157832693607128e-01
7.110539845758354716e+01 7.808500694186701896e-01
7.125964010282775973e+01 7.759807432163603469e-01
7.141388174807197231e+01 7.608410970179968480e-01
7.156812339331619910e+01 7.565154000364497922e-01
7.172236503856041168e+01 7.424147311152961004e-01
7.187660668380462425e+01 7.381049622217683570e-01
7.203084832904883683e+01 7.221565278325231541e-01
7.218508997429306362e+01 7.139816901255129356e-01
7.233933161953727620e+01 7.069541532339578271e-01
7.249357326478148877e+01 6.929162852844321652e-01
7.264781491002570135e+01 6.854836219937636699e-01
7.280205655526992814e+01 6.684270858920822178e-01
7.295629820051414072e+01 6.560915543966392427e-01
7.311053984575835329e+01 6.378540396412522018e-01
7.326478149100256587e+01 6.291532994539552615e-01
7.341902313624677845e+01 6.194241350024002335e-01
7.357326478149100524e+01 6.009640390996322523e-01
7.372750642673521781e+01 5.908139778196275227e-01
7.388174807197943039e+01 5.799205047428119819e-01
7.403598971722364297e+01 5.646301405859939226e-01
7.419023136246786976e+01 5.442061230271819650e-01
7.434447300771208234e+01 5.277777777777777901e-01
7.449871465295629491e+01 5.174199623352165878e-01
7.465295629820050749e+01 4.981167608286252158e-01
7.480719794344473428e+01 4.882297551789077650e-01
7.496143958868894686e+01 4.774011299435028111e-01
7.511568123393315943e+01 4.566854990583804064e-01
7.526992287917737201e+01 4.440677966101694851e-01
7.542416452442159880e+01 4.288488700564971889e-01
7.557840616966581138e+01 4.161958568738229891e-01
7.573264781491002395e+01 3.955756323784398454e-01
7.588688946015423653e+01 3.835255625851580197e-01
7.604113110539846332e+01 3.720646906043323376e-01
7.619537275064267590e+01 3.582862523540489841e-01
7.634961439588688847e+01 3.474576271186441412e-01
7.650385604113110105e+01 3.329088726910804930e-01
7.665809768637531363e+01 3.223079145866339923e-01
7.681233933161954042e+01 3.050468645150118396e-01
7.696658097686375299e+01 2.971232675891155584e-01
7.712082262210796557e+01 2.881355932203389925e-01
7.727506426735217815e+01 2.752479598242311143e-01
7.742930591259640494e+01 2.684265212026755165e-01
7.758354755784061751e+01 2.589453860640301697e-01
7.773778920308483009e+01 2.481167608286252158e-01
7.789203084832904267e+01 2.396381605421152861e-01
7.804627249357326946e+01 2.317813424804949785e-01
7.820051413881748203e+01 2.281422194322383357e-01
7.835475578406169461e+01 2.198870056497175263e-01
7.850899742930590719e+01 2.095103578154425827e-01
7.866323907455013398e+01 2.079136985179727004e-01
7.881748071979434656e+01 2.035579768630616515e-01
7.897172236503855913e+01 1.998259791651767481e-01
7.912596401028277171e+01 1.869114877589453938e-01
7.928020565552698429e+01 1.903928277764515009e-01
7.943444730077121108e+01 1.812313954194764154e-01
7.958868894601542365e+01 1.780124108548670758e-01
7.974293059125963623e+01 1.704331450094161982e-01
7.989717223650384881e+01 1.718899904061400585e-01
8.005141388174807560e+01 1.693068941324175070e-01
8.020565552699228817e+01 1.723752354048964097e-01
8.035989717223650075e+01 1.706043485704502594e-01
8.051413881748071333e+01 1.620291902071563372e-01
8.066838046272494012e+01 1.591846083371507570e-01
8.082262210796915269e+01 1.748535258422264649e-01
8.097686375321336527e+01 1.567037239535872262e-01
8.113110539845757785e+01 1.570307595731325057e-01
8.128534704370180464e+01 1.837132281316968818e-01
8.143958868894601721e+01 1.556308851224105227e-01
8.159383033419022979e+01 1.662982068287890414e-01
8.174807197943444237e+01 1.539077212806027051e-01
8.190231362467865495e+01 1.672495740292350153e-01
8.205655526992288173e+01 1.532792925571112574e-01
8.221079691516709431e+01 1.636325591127851808e-01
8.236503856041130689e+01 1.726930320150659171e-01
8.251928020565551947e+01 1.483050847457627608e-01
8.267352185089974625e+01 1.641033689056288214e-01
8.282776349614395883e+01 1.706471494607088024e-01
8.298200514138817141e+01 1.662163268648161329e-01
8.313624678663238399e+01 1.677235866097851469e-01
8.329048843187661078e+01 1.741996233521657667e-01
8.344473007712082335e+01 1.773486462288907939e-01
8.359897172236503593e+01 1.741719286584690884e-01
8.375321336760924851e+01 1.807780615535433677e-01
8.390745501285347530e+01 1.856734323777639029e-01
8.406169665809768787e+01 1.898608134727363117e-01
8.421593830334190045e+01 1.938880328710836931e-01
8.437017994858611303e+01 2.012022294508170051e-01
8.452442159383033982e+01 2.052176802924560173e-01
8.467866323907455239e+01 2.129502383739673155e-01
8.483290488431876497e+01 2.189346710825378350e-01
8.498714652956297755e+01 2.275985663082438215e-01
8.514138817480719013e+01 2.355570042010720622e-01
8.529562982005141691e+01 2.418427844039896524e-01
8.544987146529562949e+01 2.529574812339195899e-01
8.560411311053984207e+01 2.602265011465980660e-01
8.575835475578405465e+01 2.707532956685498871e-01
8.591259640102828143e+01 2.779418018346394570e-01
8.606683804627249401e+01 2.863216757362541109e-01
8.622107969151670659e+01 3.027306967984934039e-01
8.637532133676091917e+01 3.107344632768361814e-01
8.652956298200514595e+01 3.253295668549905928e-01
8.668380462724935853e+01 3.347457627118644030e-01
8.683804627249357111e+01 3.469868173258003896e-01
8.699228791773778369e+01 3.596986817325800168e-01
8.714652956298201048e+01 3.686440677966101864e-01
8.730077120822622305e+01 3.874764595103578069e-01
8.745501285347043563e+01 3.964218455743879765e-01
8.760925449871464821e+01 4.115286989273725382e-01
8.776349614395886078e+01 4.263727700314491331e-01
8.791773778920308757e+01 4.372797449236449641e-01
8.807197943444730015e+01 4.509822297194777674e-01
8.822622107969151273e+01 4.608206303521301672e-01
8.838046272493572530e+01 4.786225704438048512e-01
8.853470437017995209e+01 4.893150491145239478e-01
8.868894601542416467e+01 5.032687651331718692e-01
8.884318766066837725e+01 5.174199623352165878e-01
8.899742930591258983e+01 5.272435897435897578e-01
8.915167095115681661e+01 5.440899523651268055e-01
8.930591259640102919e+01 5.550847457627119397e-01
8.946015424164524177e+01 5.682674199623352074e-01
8.961439588688945435e+01 5.796299532102433538e-01
8.976863753213368113e+01 5.904241589950959268e-01
8.992287917737789371e+01 6.044113152108537834e-01
9.007712082262210629e+01 6.127375449409347974e-01
9.023136246786631887e+01 6.305084745762712384e-01
9.038560411311053144e+01 6.390222396394631410e-01
9.053984575835475823e+01 6.501083750843904552e-01
9.069408740359897081e+01 6.619585687382297801e-01
9.084832904884318339e+01 6.647536294071372254e-01
9.100257069408739596e+01 6.822033898305084332e-01
9.115681233933162275e+01 6.868787926344424033e-01
9.131105398457583533e+01 6.970022767518340157e-01
9.146529562982004791e+01 7.045983658822307927e-01
9.161953727506426048e+01 7.071254360779228865e-01
9.177377892030848727e+01 7.163808476242854439e-01
9.192802056555269985e+01 7.219646093167040313e-01
9.208226221079691243e+01 7.280701754385965341e-01
9.223650385604112500e+01 7.368382506800585929e-01
9.239074550128535179e+01 7.466810815837808812e-01
9.254498714652956437e+01 7.416070307595731270e-01
9.269922879177377695e+01 7.391978992599665954e-01
9.285347043701798952e+01 7.425365070544287516e-01
9.300771208226221631e+01 7.497688751926039341e-01
9.316195372750642889e+01 7.440756434400501718e-01
9.331619537275064147e+01 7.622066051168986389e-01
9.347043701799485405e+01 7.245527306967984860e-01
9.362467866323906662e+01 7.504404349674989039e-01
9.377892030848329341e+01 7.494703389830508211e-01
9.393316195372750599e+01 7.442381849161510132e-01
9.408740359897171857e+01 7.697740112994350126e-01
9.424164524421593114e+01 7.598131531331929756e-01
9.439588688946015793e+01 7.490431930016402395e-01
9.455012853470437051e+01 7.322237491729017833e-01
9.470437017994858309e+01 7.479718962769810187e-01
9.485861182519279566e+01 7.351224105461393599e-01
9.501285347043702245e+01 7.315287148263945882e-01
9.516709511568123503e+01 7.246229280127585159e-01
9.532133676092544761e+01 7.201699744072624920e-01
9.547557840616966018e+01 7.158368644067796271e-01
9.562982005141388697e+01 7.130984991154483144e-01
9.578406169665809955e+01 7.022213974459428076e-01
9.593830334190231213e+01 6.934073904412887401e-01
9.609254498714652470e+01 6.821239024628855674e-01
9.624678663239073728e+01 6.721292299774245249e-01
9.640102827763496407e+01 6.709039548022599497e-01
9.655526992287917665e+01 6.543970781258916514e-01
9.670951156812338922e+01 6.497175141242937935e-01
9.686375321336760180e+01 6.403236051215190905e-01
9.701799485861182859e+01 6.244313252502169398e-01
9.717223650385604117e+01 6.137243699612773273e-01
9.732647814910025375e+01 6.012241054613935987e-01
9.748071979434446632e+01 5.896370947218405600e-01
9.763496143958869311e+01 5.727488316942177526e-01
9.778920308483290569e+01 5.644097376283018219e-01
9.794344473007711827e+01 5.557566305712492438e-01
9.809768637532133084e+01 5.408439629564913975e-01
9.825192802056555763e+01 5.328649379496837035e-01
9.840616966580977021e+01 5.166063064368149327e-01
9.856041131105398279e+01 5.026610988291164706e-01
9.871465295629819536e+01 4.830597727617568227e-01
9.886889460154240794e+01 4.736346516007533536e-01
9.902313624678663473e+01 4.642184557438795434e-01
9.917737789203084731e+01 4.463276836158192040e-01
9.933161953727505988e+01 4.369114877589453938e-01
9.948586118251927246e+01 4.223163841807909824e-01
9.964010282776349925e+01 4.086629001883239631e-01
9.979434447300771183e+01 3.922200902533490297e-01
9.994858611825192440e+01 3.814533411260472295e-01
1.001028277634961370e+02 3.694335796030711050e-01
1.002570694087403638e+02 3.554613935969868077e-01
1.004113110539845763e+02 3.481000863151286762e-01
1.005655526992287889e+02 3.390727289032373637e-01
1.007197943444730015e+02 3.231761909172301550e-01
1.008740359897172283e+02 3.116268120702492261e-01
1.010282776349614409e+02 2.998361916223716284e-01
1.011825192802056534e+02 2.900188323917137767e-01
1.013367609254498660e+02 2.782393560060559823e-01
1.014910025706940928e+02 2.688323917137477315e-01
1.016452442159383054e+02 2.617702448210923460e-01
1.017994858611825180e+02 2.490583804143126079e-01
1.019537275064267305e+02 2.436955626177025325e-01
1.021079691516709431e+02 2.343534212178279841e-01
1.022622107969151699e+02 2.284996861268047130e-01
1.024164524421593825e+02 2.161104136151217325e-01
1.025706940874035951e+02 2.122265681587716113e-01
1.027249357326478076e+02 2.078531073446328037e-01
1.028791773778920344e+02 2.017470048483391842e-01
1.030334190231362470e+02 1.920903954802259950e-01
1.031876606683804596e+02 1.902837997635001832e-01
1.033419023136246722e+02 1.803201506591337600e-01
1.034961439588688989e+02 1.820125209955718582e-01
1.036503856041131115e+02 1.775999163004813308e-01
1.038046272493573241e+02 1.700100985288900413e-01
1.039588688946015367e+02 1.688441619585687725e-01
1.041131105398457635e+02 1.572504708097929305e-01
1.042673521850899760e+02 1.634747358677264284e-01
1.044215938303341886e+02 1.607379507567832100e-01
1.045758354755784012e+02 1.473634651600753687e-01
1.047300771208226138e+02 1.500981688504227085e-01
1.048843187660668406e+02 1.473634651600753687e-01
1.050385604113110531e+02 1.451271186440677985e-01
1.051928020565552657e+02 1.435969868173258002e-01
1.053470437017994783e+02 1.502264976841247712e-01
1.055012853470437051e+02 1.401836158192091286e-01
1.056555269922879177e+02 1.403620679181095676e-01
1.058097686375321302e+02 1.487109552568348647e-01
1.059640102827763428e+02 1.399089767733836531e-01
1.061182519280205696e+02 1.494428750784683180e-01
1.062724935732647822e+02 1.372971033987984146e-01
1.064267352185089948e+02 1.650524616626312113e-01
1.065809768637532073e+02 1.498887176853278547e-01
1.067352185089974341e+02 1.384999590600179964e-01
1.068894601542416467e+02 1.368138383204297037e-01
1.070437017994858593e+02 1.470749043193002592e-01
1.071979434447300719e+02 1.479727484214025113e-01
1.073521850899742844e+02 1.532721280602636904e-01
1.075064267352185112e+02 1.430364989687024080e-01
1.076606683804627238e+02 1.545197740112994600e-01
1.078149100257069364e+02 1.567970984166840998e-01
1.079691516709511490e+02 1.544418468731736382e-01
1.081233933161953757e+02 1.547934322033898136e-01
1.082776349614395883e+02 1.608258959032725643e-01
1.084318766066838009e+02 1.693949490559660820e-01
1.085861182519280135e+02 1.675965160075330029e-01
1.087403598971722403e+02 1.738081635244080880e-01
1.088946015424164528e+02 1.800277529983149716e-01
1.090488431876606654e+02 1.883146855729109781e-01
1.092030848329048780e+02 1.933084538433629262e-01
1.093573264781491048e+02 1.974427594409754461e-01
1.095115681233933174e+02 2.082118340319543126e-01
1.096658097686375299e+02 2.136152306967985526e-01
1.098200514138817425e+02 2.198422231119415704e-01
1.099742930591259693e+02 2.300329228142909965e-01
1.101285347043701819e+02 2.369720674805421146e-01
1.102827763496143945e+02 2.493990980275547775e-01
1.104370179948586070e+02 2.565913370998117449e-01
1.105912596401028196e+02 2.608286252354049539e-01
1.107455012853470464e+02 2.750231018469780908e-01
1.108997429305912590e+02 2.871881968273775065e-01
1.110539845758354716e+02 2.994350282485875869e-01
1.112082262210796841e+02 3.079096045197740050e-01
1.113624678663239109e+02 3.220338983050847759e-01
1.115167095115681235e+02 3.309792843691149455e-01
1.116709511568123361e+02 3.441907836580960778e-01
1.118251928020565487e+02 3.573446327683615920e-01
1.119794344473007754e+02 3.653483992467043695e-01
1.121336760925449880e+02 3.822975517890772057e-01
1.122879177377892006e+02 3.916340338185912984e-01
1.124421593830334132e+02 4.053030303030302761e-01
1.125964010282776400e+02 4.185098369195016099e-01
1.127506426735218525e+02 4.259857883394490008e-01
1.129048843187660651e+02 4.428446519850878227e-01
1.130591259640102777e+02 4.515065913370998052e-01
1.132133676092544903e+02 4.670433145009416087e-01
1.133676092544987171e+02 4.770025608067040013e-01
1.135218508997429296e+02 4.878005639312877895e-01
1.136760925449871422e+02 5.013335369267573061e-01
1.138303341902313548e+02 5.145951035781544114e-01
1.139845758354755816e+02 5.261114285109714794e-01
1.141388174807197942e+02 5.348399246704331755e-01
1.142930591259640067e+02 5.461012594842320489e-01
1.144473007712082193e+02 5.574387947269303645e-01
1.146015424164524461e+02 5.645122864338710800e-01
1.147557840616966587e+02 5.788532376316195549e-01
1.149100257069408713e+02 5.854747585201385274e-01
1.150642673521850838e+02 5.983992467043315333e-01
1.152185089974293106e+02 6.048834339892200651e-01
1.153727506426735232e+02 6.103684252407097777e-01
1.155269922879177358e+02 6.208551300830020825e-01
1.156812339331619484e+02 6.291186732653031299e-01
1.158354755784061609e+02 6.396788917616266223e-01
1.159897172236503877e+02 6.452076518981069153e-01
1.161439588688946003e+02 6.495421143975481648e-01
1.162982005141388129e+02 6.535505716296676759e-01
1.164524421593830255e+02 6.615636960087478702e-01
1.166066838046272522e+02 6.652766568020804794e-01
1.167609254498714648e+02 6.685499058380415249e-01
1.169151670951156774e+02 6.728622506072764464e-01
1.170694087403598900e+02 6.806087114999088694e-01
1.172236503856041168e+02 6.770244821092279430e-01
1.173778920308483293e+02 6.798493408662900084e-01
1.175321336760925419e+02 6.963276836158192040e-01
1.176863753213367545e+02 6.818895166352794135e-01
1.178406169665809813e+02 6.839758502270965046e-01
1.179948586118251939e+02 6.938054882970137172e-01
1.181491002570694064e+02 6.813290287866559103e-01
1.183033419023136190e+02 6.711179592535525540e-01
1.184575835475578458e+02 6.835451977401130197e-01
1.186118251928020584e+02 6.895166352793471454e-01
1.187660668380462710e+02 6.716767935188145966e-01
1.189203084832904835e+02 6.841097835818591433e-01
1.190745501285346961e+02 6.802178007041677077e-01
1.192287917737789229e+02 6.675141242937853159e-01
1.193830334190231355e+02 6.679805544606490786e-01
1.195372750642673481e+02 6.618712019725474516e-01
1.196915167095115606e+02 6.585394840290348384e-01
1.198457583547557874e+02 6.563888000568525172e-01
1.200000000000000000e+02 6.464178891895742129e-01
1.201542416452442126e+02 6.381116790721310661e-01
1.203084832904884252e+02 6.330608343320207609e-01
1.204627249357326519e+02 6.275348672179917875e-01
1.206169665809768645e+02 6.174719818787615111e-01
1.207712082262210771e+02 6.059674340546010729e-01
1.209254498714652897e+02 6.042682454918351098e-01
1.210796915167095165e+02 5.908507002905925010e-01
1.212339331619537290e+02 5.831865874238755243e-01
1.213881748071979416e+02 5.742021012984438455e-01
1.215424164524421542e+02 5.645009416195856389e-01
1.216966580976863668e+02 5.504405849666365036e-01
1.218508997429305936e+02 5.419020715630884499e-01
1.220051413881748061e+02 5.331518993156032504e-01
1.221593830334190187e+02 5.193032015065913720e-01
1.223136246786632313e+02 5.116000726068115068e-01
1.224678663239074581e+02 5.003487479946990835e-01
1.226221079691516707e+02 4.844632768361581965e-01
1.227763496143958832e+02 4.735930330555295775e-01
1.229305912596400958e+02 4.609227871939736154e-01
1.230848329048843226e+02 4.510357815442561646e-01
1.232390745501285352e+02 4.359698681732580017e-01
1.233933161953727478e+02 4.274952919020715836e-01
1.235475578406169603e+02 4.194915254237288060e-01
1.237017994858611871e+02 4.034839924670433620e-01
1.238560411311053997e+02 3.950094161958569439e-01
1.240102827763496123e+02 3.808450534920062580e-01
1.241645244215938249e+02 3.697591436217663174e-01
1.243187660668380374e+02 3.518570830717723252e-01
1.244730077120822642e+02 3.442718141870684256e-01
1.246272493573264768e+02 3.386901025319104530e-01
1.247814910025706894e+02 3.235870294607874342e-01
1.249357326478149020e+02 3.151743091140016828e-01
1.250899742930591287e+02 3.030661487758946615e-01
1.252442159383033413e+02 2.933349709326127375e-01
1.253984575835475539e+02 2.791902071563089338e-01
1.255526992287917665e+02 2.718013759175986754e-01
1.257069408740359933e+02 2.641242937853107708e-01
1.258611825192802058e+02 2.528670208280631160e-01
1.260154241645244184e+02 2.452919020715631504e-01
1.261696658097686310e+02 2.391713747645951571e-01
1.263239074550128578e+02 2.296767106089140364e-01
1.264781491002570704e+02 2.203898814068305789e-01
1.266323907455012829e+02 2.147415777359280575e-01
1.267866323907454955e+02 2.082790091264667964e-01
1.269408740359897081e+02 2.002903327055870486e-01
1.270951156812339349e+02 1.961707470182046942e-01
1.272493573264781475e+02 1.887947269303201780e-01
1.274035989717223600e+02 1.835282266894407988e-01
1.275578406169665726e+02 1.797912162005068648e-01
1.277120822622107994e+02 1.736296957081970849e-01
1.278663239074550120e+02 1.694538606403014347e-01
1.280205655526992246e+02 1.676901662163269302e-01
1.281748071979434371e+02 1.567796610169491789e-01
1.283290488431876497e+02 1.616543531797769440e-01
1.284832904884318623e+02 1.527406085836059413e-01
1.286375321336761033e+02 1.504741727199354617e-01
1.287917737789203159e+02 1.520715630885123293e-01
1.289460154241645284e+02 1.442372881355932224e-01
1.291002570694087410e+02 1.515431031169530707e-01
1.292544987146529536e+02 1.394239000171204612e-01
1.294087403598971662e+02 1.372355800814609728e-01
1.295629820051413787e+02 1.341445748225409407e-01
1.297172236503855913e+02 1.257062146892655718e-01
1.298714652956298039e+02 1.390637610976594996e-01
1.300257069408740449e+02 1.214689265536723628e-01
1.301799485861182575e+02 1.382925298179535911e-01
1.303341902313624701e+02 1.456588090135724212e-01
1.304884318766066826e+02 1.279878313776618981e-01
1.306426735218508952e+02 1.377510985561832824e-01
1.307969151670951078e+02 1.367310106716886908e-01
1.309511568123393204e+02 1.492262343404570091e-01
1.311053984575835329e+02 1.390772128060264734e-01
1.312596401028277739e+02 1.372624550590652026e-01
1.314138817480719865e+02 1.274052239417015064e-01
1.315681233933161991e+02 1.273627676640859407e-01
1.317223650385604117e+02 1.277868902253812555e-01
1.318766066838046243e+02 1.354856066720473429e-01
1.320308483290488368e+02 1.419914047032692084e-01
1.321850899742930494e+02 1.373052559493238567e-01
1.323393316195372620e+02 1.387786993629042120e-01
1.324935732647815030e+02 1.412429378531073754e-01
1.326478149100257156e+02 1.395744540258366806e-01
1.328020565552699281e+02 1.457687868294756939e-01
1.329562982005141407e+02 1.477796883102705516e-01
1.331105398457583533e+02 1.537130350689672742e-01
1.332647814910025659e+02 1.565297249540814617e-01
1.334190231362467784e+02 1.596986817325800612e-01
1.335732647814909910e+02 1.681153121831088226e-01
1.337275064267352036e+02 1.747512792710532725e-01
1.338817480719794446e+02 1.778531073446327770e-01
1.340359897172236572e+02 1.860725903098784384e-01
1.341902313624678698e+02 1.913387517758615708e-01
1.343444730077120823e+02 1.996233521657251320e-01
1.344987146529562949e+02 2.072768361581921459e-01
1.346529562982005075e+02 2.129739120279128262e-01
1.348071979434447201e+02 2.244903569906663288e-01
1.349614395886889326e+02 2.305353779930051639e-01
1.351156812339331736e+02 2.421819952086295968e-01
1.352699228791773862e+02 2.473974680895585365e-01
1.354241645244215988e+02 2.575918079096045643e-01
1.355784061696658114e+02 2.680742045148825081e-01
1.357326478149100240e+02 2.758945386064030059e-01
1.358868894601542365e+02 2.895480225988701362e-01
1.360411311053984491e+02 2.980225988700565543e-01
1.361953727506426617e+02 3.084028338265626390e-01
1.363496143958868743e+02 3.196798493408663511e-01
1.365038560411311153e+02 3.319209039548023377e-01
1.366580976863753278e+02 3.432203389830508211e-01
1.368123393316195404e+02 3.507532956685499581e-01
1.369665809768637530e+02 3.658192090395480101e-01
1.371208226221079656e+02 3.728813559322033955e-01
1.372750642673521781e+02 3.868139427359968963e-01
1.374293059125963907e+02 3.983050847457627608e-01
1.375835475578406033e+02 4.048964218455743946e-01
1.377377892030848443e+02 4.201949706436246545e-01
1.378920308483290569e+02 4.281471823844705815e-01
1.380462724935732695e+02 4.376496710143916724e-01
1.382005141388174820e+02 4.505649717514124131e-01
1.383547557840616946e+02 4.585687382297551906e-01
1.385089974293059072e+02 4.716293506312339012e-01
1.386632390745501198e+02 4.797551789077213469e-01
1.388174807197943323e+02 4.917987971569163230e-01
1.389717223650385449e+02 5.018832391713747842e-01
1.391259640102827859e+02 5.102776776054813723e-01
1.392802056555269985e+02 5.207156308851224047e-01
1.394344473007712111e+02 5.273069679849340385e-01
1.395886889460154237e+02 5.390772128060263846e-01
1.397429305912596362e+02 5.456685499058380184e-01
1.398971722365038488e+02 5.532274567373993701e-01
1.400514138817480614e+02 5.605086276851469762e-01
1.402056555269922740e+02 5.645515244898912099e-01
1.403598971722365150e+02 5.766495157384987635e-01
1.405141388174807275e+02 5.810052005045007739e-01
1.406683804627249401e+02 5.901810520035054575e-01
1.408226221079691527e+02 5.938766193003481852e-01
1.409768637532133653e+02 5.965360419922266511e-01
1.411311053984575778e+02 6.087570621468927357e-01
1.412853470437017904e+02 6.125235404896421931e-01
1.414395886889460030e+02 6.143205750510596364e-01
1.415938303341902156e+02 6.182505551339347871e-01
1.417480719794344566e+02 6.222669092534074409e-01
1.419023136246786692e+02 6.253381270330422570e-01
1.420565552699228817e+02 6.217948717948718063e-01
1.422107969151670943e+02 6.310991268618387773e-01
1.423650385604113069e+02 6.323446327683616142e-01
1.425192802056555195e+02 6.249932741458165131e-01
1.426735218508997320e+02 6.255695279752142568e-01
1.428277634961439446e+02 6.242575691728233789e-01
1.429820051413881856e+02 6.356235951643278703e-01
1.431362467866323982e+02 6.254446536932412037e-01
1.432904884318766108e+02 6.317829457364341206e-01
1.434447300771208234e+02 6.293942247332078299e-01
1.435989717223650359e+02 6.258523280732515293e-01
1.437532133676092485e+02 6.275894538606403561e-01
1.439074550128534611e+02 6.238229755178907876e-01
1.440616966580976737e+02 6.156019122120817144e-01
1.442159383033418862e+02 6.112132144396795752e-01
1.443701799485861272e+02 6.054404687173049471e-01
1.445244215938303398e+02 5.975423728813559210e-01
1.446786632390745524e+02 5.898780136068271229e-01
1.448329048843187650e+02 5.857283222795381938e-01
1.449871465295629775e+02 5.828138190791609663e-01
1.451413881748071901e+02 5.743267037190146196e-01
1.452956298200514027e+02 5.680656443368308217e-01
1.454498714652956153e+02 5.603748683956878418e-01
1.456041131105398563e+02 5.506768743688419399e-01
1.457583547557840689e+02 5.427268234697012472e-01
1.459125964010282814e+02 5.309398381432279823e-01
1.460668380462724940e+02 5.236597614563716085e-01
1.462210796915167066e+02 5.104128451586078530e-01
1.463753213367609192e+02 5.027891010512766101e-01
1.465295629820051317e+02 4.954766502181220389e-01
1.466838046272493443e+02 4.819494378816413516e-01
1.468380462724935569e+02 4.754139082411932282e-01
1.469922879177377979e+02 4.640137558339474388e-01
1.471465295629820105e+02 4.510357815442561646e-01
1.473007712082262231e+02 4.359803890624835976e-01
1.474550128534704356e+02 4.274952919020715836e-01
1.476092544987146482e+02 4.190207156308851655e-01
1.477634961439588608e+02 4.048964218455743946e-01
1.479177377892030734e+02 3.968926553672316171e-01
1.480719794344472859e+02 3.832391713747645978e-01
1.482262210796915269e+02 3.724105461393597549e-01
1.483804627249357395e+02 3.578154425612053435e-01
1.485347043701799521e+02 3.493408662900188144e-01
1.486889460154241647e+02 3.408662900188323963e-01
1.488431876606683772e+02 3.249158249158249356e-01
1.489974293059125898e+02 3.197659730834596647e-01
1.491516709511568024e+02 3.132148270635248810e-01
1.493059125964010150e+02 2.987302940932619055e-01
1.494601542416452560e+02 2.890144381669804696e-01
1.496143958868894686e+02 2.794587899240384976e-01
1.497686375321336811e+02 2.706530757378214913e-01
1.499228791773778937e+02 2.575329566854991370e-01
1.500771208226221063e+02 2.525206431986093403e-01
1.502313624678663189e+02 2.473123063006954503e-01
1.503856041131105314e+02 2.359306340238543909e-01
1.505398457583547440e+02 2.294873043704136473e-01
1.506940874035989566e+02 2.222564629344290221e-01
1.508483290488431976e+02 2.151204745058696854e-01
1.510025706940874102e+02 2.057019261248158593e-01
1.511568123393316228e+02 2.006630571249214956e-01
1.513110539845758353e+02 1.944444444444445308e-01
1.514652956298200479e+02 1.877889060092450269e-01
1.516195372750642605e+02 1.817325800376647926e-01
1.517737789203084731e+02 1.795622617243122221e-01
1.519280205655526856e+02 1.761424586998499020e-01
1.520822622107969266e+02 1.710780899311199477e-01
1.522365038560411392e+02 1.605461393596987474e-01
1.523907455012853518e+02 1.640738011408608976e-01
1.525449871465295644e+02 1.595456685499059279e-01
1.526992287917737769e+02 1.525894538606402673e-01
1.528534704370179895e+02 1.493983210443997622e-01
1.530077120822622021e+02 1.454297820823244880e-01
1.531619537275064147e+02 1.429450963349268022e-01
1.533161953727506273e+02 1.346516007532957415e-01
1.534704370179948683e+02 1.421269072600792605e-01
1.536246786632390808e+02 1.335173771614449612e-01
1.537789203084832934e+02 1.313011868786405634e-01
1.539331619537275060e+02 1.296908731799183423e-01
1.540874035989717186e+02 1.344781445138268916e-01
1.542416452442159311e+02 1.333437957731743451e-01
1.543958868894601437e+02 1.172316384180791538e-01
1.545501285347043563e+02 1.153483992467043695e-01
1.547043701799485973e+02 1.376890832877711857e-01
1.548586118251928099e+02 1.205609362389024053e-01
1.550128534704370225e+02 1.194113133849480368e-01
1.551670951156812350e+02 1.190960451977401968e-01
1.553213367609254476e+02 1.195856873822975786e-01
1.554755784061696602e+02 1.281886663242596258e-01
1.556298200514138728e+02 1.170298627925747681e-01
1.557840616966580853e+02 1.188323917137477093e-01
1.559383033419022979e+02 1.395390547932920944e-01
1.560925449871465389e+02 1.177024482109227943e-01
1.562467866323907515e+02 1.279033270558694868e-01
1.564010282776349641e+02 1.177386643488338436e-01
1.565552699228791766e+02 1.263339610797238333e-01
1.567095115681233892e+02 1.198995605775267093e-01
1.568637532133676018e+02 1.331063788690908245e-01
1.570179948586118144e+02 1.242713657967895458e-01
1.571722365038560270e+02 1.209981167608286112e-01
1.573264781491002680e+02 1.299790356394130431e-01
1.574807197943444805e+02 1.356419248003117861e-01
1.576349614395886931e+02 1.378561448271672374e-01
1.577892030848329057e+02 1.396189852343132642e-01
1.579434447300771183e+02 1.430498294905074852e-01
1.580976863753213308e+02 1.484968961428472234e-01
1.582519280205655434e+02 1.528708448298515821e-01
1.584061696658097560e+02 1.548964218455743946e-01
1.585604113110539686e+02 1.657250470809793486e-01
1.587146529562982096e+02 1.697432455109918470e-01
1.588688946015424222e+02 1.787349470446968347e-01
1.590231362467866347e+02 1.823742146226022820e-01
1.591773778920308473e+02 1.900874589038910045e-01
1.593316195372750599e+02 1.991525423728813804e-01
1.594858611825192725e+02 2.043314500941619816e-01
1.596401028277634850e+02 2.137476459510357918e-01
1.597943444730076976e+02 2.209274952919021429e-01
1.599485861182519386e+02 2.321226795803067455e-01
1.601028277634961512e+02 2.374283768081100199e-01
1.602570694087403638e+02 2.444941410336891607e-01
1.604113110539845763e+02 2.584745762711864181e-01
1.605655526992287889e+02 2.650659133709981630e-01
1.607197943444730015e+02 2.787133997864863488e-01
1.608740359897172141e+02 2.862523540489642082e-01
1.610282776349614267e+02 2.961393596986817700e-01
1.611825192802056392e+02 3.064971751412429724e-01
1.613367609254498802e+02 3.140301318267419983e-01
1.614910025706940928e+02 3.290960451977401613e-01
1.616452442159383054e+02 3.361581920903955467e-01
1.617994858611825180e+02 3.498116760828625660e-01
1.619537275064267305e+02 3.587570621468927357e-01
1.621079691516709431e+02 3.709673448789434502e-01
1.622622107969151557e+02 3.813079515875587022e-01
1.624164524421593683e+02 3.868828297715548592e-01
1.625706940874036093e+02 4.004472693032015140e-01
1.627249357326478219e+02 4.086629001883239631e-01
1.628791773778920344e+02 4.194915254237288060e-01
1.630334190231362470e+02 4.298493408662900084e-01
1.631876606683804596e+02 4.351404946308976562e-01
1.633419023136246722e+02 4.482109227871939883e-01
1.634961439588688847e+02 4.557438794726930142e-01
1.636503856041130973e+02 4.672058962999092735e-01
1.638046272493573099e+02 4.729473380345581290e-01
1.639588688946015509e+02 4.821162028318337622e-01
1.641131105398457635e+02 4.906348997795588751e-01
1.642673521850899760e+02 4.950734463276836861e-01
1.644215938303341886e+02 5.045040803515379313e-01
1.645758354755784012e+02 5.129288463113075291e-01
1.647300771208226138e+02 5.204711719542227666e-01
1.648843187660668264e+02 5.269991308126901197e-01
1.650385604113110389e+02 5.259957407114068673e-01
1.651928020565552799e+02 5.401490563769684172e-01
1.653470437017994925e+02 5.438467207074428877e-01
1.655012853470437051e+02 5.493187105350614274e-01
1.656555269922879177e+02 5.624976921088586934e-01
1.658097686375321302e+02 5.725047080979284164e-01
1.659640102827763428e+02 5.840780688238316198e-01
1.661182519280205554e+02 5.854673777214566277e-01
1.662724935732647680e+02 5.897201772907987305e-01
1.664267352185089806e+02 5.944394885518882177e-01
1.665809768637532216e+02 5.879351193730635305e-01
1.667352185089974341e+02 6.000952964399972611e-01
1.668894601542416467e+02 5.988351816977053321e-01
1.670437017994858593e+02 6.011173885750156209e-01
1.671979434447300719e+02 5.981406328744596212e-01
1.673521850899742844e+02 6.081244114877589757e-01
1.675064267352184970e+02 6.042108050847457834e-01
1.676606683804627096e+02 6.087012033579112247e-01
1.678149100257069506e+02 6.167054392378420458e-01
1.679691516709511632e+02 6.069679849340866573e-01
1.681233933161953757e+02 6.067482736974263435e-01
1.682776349614395883e+02 5.947087054249438065e-01
1.684318766066838009e+02 6.004763487315829540e-01
1.685861182519280135e+02 6.035781544256120235e-01
1.687403598971722261e+02 6.002824858757062065e-01
1.688946015424164386e+02 5.905498440924947801e-01
1.690488431876606796e+02 5.908662900188323963e-01
1.692030848329048922e+02 5.789123145468743070e-01
1.693573264781491048e+02 5.778513756304521909e-01
1.695115681233933174e+02 5.700168500346912692e-01
1.696658097686375299e+02 5.646142847178629021e-01
1.698200514138817425e+02 5.602058347375029612e-01
1.699742930591259551e+02 5.530951947026304660e-01
1.701285347043701677e+02 5.459108784756840915e-01
1.702827763496143803e+02 5.380113517472274731e-01
1.704370179948586213e+02 5.281123005253246516e-01
1.705912596401028338e+02 5.207866965142309290e-01
1.707455012853470464e+02 5.080865148661759534e-01
1.708997429305912590e+02 5.004457370819822559e-01
1.710539845758354716e+02 4.906790870773921620e-01
1.712082262210796841e+02 4.768113242689514530e-01
1.713624678663238967e+02 4.702686321622616683e-01
1.715167095115681093e+02 4.565022649768412100e-01
1.716709511568123503e+02 4.458568738229755635e-01
1.718251928020565629e+02 4.303201506591337600e-01
1.719794344473007754e+02 4.213747645951035903e-01
1.721336760925449880e+02 4.138418079096045643e-01
1.722879177377892006e+02 3.973634651600753687e-01
1.724421593830334132e+02 3.888888888888889506e-01
1.725964010282776258e+02 3.724105461393597549e-01
1.727506426735218383e+02 3.639359698681733368e-01
1.729048843187660509e+02 3.474576271186441412e-01
1.730591259640102919e+02 3.394538606403013636e-01
1.732133676092545045e+02 3.319209039548023377e-01
1.733676092544987171e+02 3.142343384838790499e-01
1.735218508997429296e+02 3.056427425542304066e-01
1.736760925449871422e+02 2.961751174044674473e-01
1.738303341902313548e+02 2.874012483862180556e-01
1.739845758354755674e+02 2.754760410127642389e-01
1.741388174807197800e+02 2.659588284953569026e-01
1.742930591259640210e+02 2.594395693926888624e-01
1.744473007712082335e+02 2.473320778405524445e-01
1.746015424164524461e+02 2.413008836737650098e-01
1.747557840616966587e+02 2.302259887005649874e-01
1.749100257069408713e+02 2.239498217926569890e-01
1.750642673521850838e+02 2.148857774502579421e-01
1.752185089974292964e+02 2.062146892655367658e-01
1.753727506426735090e+02 2.010357815442561646e-01
1.755269922879177216e+02 1.929284369114877551e-01
1.756812339331619626e+02 1.908413082747223433e-01
1.758354755784061751e+02 1.841411438200020179e-01
1.759897172236503877e+02 1.763234986398828363e-01
1.761439588688946003e+02 1.694915254237288060e-01
1.762982005141388129e+02 1.663488700564972333e-01
1.764524421593830255e+02 1.641007532956685333e-01
1.766066838046272380e+02 1.525423728813559698e-01
1.767609254498714506e+02 1.483050847457627608e-01
1.769151670951156916e+02 1.519774011299435124e-01
1.770694087403599042e+02 1.427436440677966045e-01
1.772236503856041168e+02 1.405139420448332510e-01
1.773778920308483293e+02 1.361714078038789300e-01
1.775321336760925419e+02 1.290018832391713888e-01
1.776863753213367545e+02 1.242937853107345392e-01
1.778406169665809671e+02 1.302875561350138600e-01
1.779948586118251797e+02 1.191148775894539380e-01
1.781491002570693922e+02 1.259109145991976764e-01
1.783033419023136332e+02 1.181518575586373299e-01
1.784575835475578458e+02 1.173213164738589054e-01
1.786118251928020584e+02 1.145395721666908617e-01
1.787660668380462710e+02 1.187967628645595353e-01
1.789203084832904835e+02 1.103633543813006268e-01
1.790745501285346961e+02 1.094217347956132347e-01
1.792287917737789087e+02 1.147598870056497633e-01
1.793830334190231213e+02 1.137888418079096020e-01
1.795372750642673623e+02 1.139359698681733368e-01
1.796915167095115748e+02 1.132733486782451227e-01
1.798457583547557874e+02 1.028248587570622652e-01
1.800000000000000000e+02 1.026365348399247424e-01
1.801542416452442126e+02 1.016521143639788072e-01
1.803084832904884252e+02 1.128659476117103155e-01
1.804627249357326377e+02 8.945386064030136364e-02
1.806169665809768503e+02 1.024878580632372360e-01
1.807712082262210629e+02 8.851224105461397151e-02
1.809254498714653039e+02 8.851224105461397151e-02
1.810796915167095165e+02 1.005055010407374105e-01
1.812339331619537290e+02 1.001968840951892314e-01
1.813881748071979416e+02 1.023499549660198404e-01
1.815424164524421542e+02 1.016276567124024810e-01
1.816966580976863668e+02 1.031529068707854879e-01
1.818508997429305794e+02 1.103787403222431518e-01
1.820051413881747919e+02 1.002824858757062065e-01
1.821593830334190329e+02 1.031073446327683829e-01
1.823136246786632455e+02 1.109149403640928844e-01
1.824678663239074581e+02 1.133021874547298635e-01
1.826221079691516707e+02 1.165214338153148788e-01
1.827763496143958832e+02 1.172316384180791538e-01
1.829305912596400958e+02 1.275165114983687342e-01
1.830848329048843084e+02 1.299686126804771025e-01
1.832390745501285210e+02 1.322975517890772057e-01
1.833933161953727335e+02 1.385823150702929496e-01
1.835475578406169745e+02 1.426398460296766091e-01
1.837017994858611871e+02 1.499267629211131769e-01
1.838560411311053997e+02 1.547764115062221224e-01
1.840102827763496123e+02 1.643592745287660861e-01
1.841645244215938249e+02 1.689248870889789034e-01
1.843187660668380374e+02 1.723163841807909824e-01
1.844730077120822500e+02 1.831450094161959363e-01
1.846272493573264626e+02 1.896807390601599197e-01
1.847814910025707036e+02 1.985622733788684480e-01
1.849357326478149162e+02 2.057438794726930142e-01
1.850899742930591287e+02 2.151743422929863758e-01
1.852442159383033413e+02 2.223871774781090993e-01
1.853984575835475539e+02 2.297551789077213469e-01
1.855526992287917665e+02 2.424670433145009740e-01
1.857069408740359790e+02 2.495291902071563594e-01
1.858611825192801916e+02 2.580345383602280496e-01
1.860154241645244326e+02 2.702448210922787641e-01
1.861696658097686452e+02 2.801318267419962149e-01
1.863239074550128578e+02 2.914312617702448094e-01
1.864781491002570704e+02 2.984934086629001948e-01
1.866323907455012829e+02 3.116760828625235735e-01
1.867866323907454955e+02 3.182674199623352074e-01
1.869408740359897081e+02 3.272128060263653770e-01
1.870951156812339207e+02 3.403954802259887558e-01
1.872493573264781332e+02 3.478922207735767325e-01
1.874035989717223742e+02 3.624384909786768638e-01
1.875578406169665868e+02 3.681732580037665459e-01
1.877120822622107994e+02 3.790018832391713888e-01
1.878663239074550120e+02 3.884180790960451990e-01
1.880205655526992246e+02 3.947018204645322825e-01
1.881748071979434371e+02 4.091337099811676037e-01
1.883290488431876497e+02 4.144545055852230098e-01
1.884832904884318623e+02 4.256316698053986824e-01
1.886375321336761033e+02 4.325283148988090520e-01
1.887917737789203159e+02 4.444444444444444198e-01
1.889460154241645284e+02 4.513089231034631554e-01
1.891002570694087410e+02 4.564971751412428835e-01
1.892544987146529536e+02 4.685544620618431466e-01
1.894087403598971662e+02 4.739433793337655132e-01
1.895629820051413787e+02 4.789678583297726222e-01
1.897172236503855913e+02 4.862673532990017256e-01
1.898714652956298039e+02 4.928718517345160866e-01
1.900257069408740449e+02 5.015661631884391625e-01
1.901799485861182575e+02 5.056992764396868179e-01
1.903341902313624701e+02 5.127885078614287107e-01
1.904884318766066826e+02 5.143651732142076050e-01
1.906426735218508952e+02 5.210451977401130419e-01
1.907969151670951078e+02 5.268030025728760446e-01
1.909511568123393204e+02 5.269192422731804326e-01
1.911053984575835329e+02 5.346324491685020552e-01
1.912596401028277739e+02 5.335495570900468110e-01
1.914138817480719865e+02 5.407966920494555740e-01
1.915681233933161991e+02 5.439198278181329727e-01
1.917223650385604117e+02 5.340328221684154109e-01
1.918766066838046243e+02 5.474133156087294116e-01
1.920308483290488368e+02 5.479922240447117066e-01
1.921850899742930494e+02 5.413640032284100512e-01
1.923393316195372620e+02 5.411777488048674645e-01
1.924935732647814746e+02 5.487624428302394497e-01
1.926478149100257156e+02 5.541431261770244365e-01
1.928020565552699281e+02 5.407869957379324299e-01
1.929562982005141407e+02 5.438067111795925612e-01
1.931105398457583533e+02 5.367774880486745337e-01
1.932647814910025659e+02 5.400188323917137767e-01
1.934190231362467784e+02 5.330436042300449317e-01
1.935732647814909910e+02 5.300511164917944829e-01
1.937275064267352036e+02 5.227848689870033816e-01
1.938817480719794446e+02 5.208374875373877888e-01
1.940359897172236572e+02 5.172348124166825656e-01
1.941902313624678698e+02 5.111567653940536360e-01
1.943444730077120823e+02 5.040685072664605748e-01
1.944987146529562949e+02 4.976459510357815752e-01
1.946529562982005075e+02 4.901246673203529802e-01
1.948071979434447201e+02 4.810131238229755635e-01
1.949614395886889326e+02 4.744965956830363707e-01
1.951156812339331452e+02 4.693973634651601445e-01
1.952699228791773862e+02 4.569573751359380376e-01
1.954241645244215988e+02 4.505585223021953967e-01
1.955784061696658114e+02 4.367884002314046388e-01
1.957326478149100240e+02 4.336158192090395769e-01
1.958868894601542365e+02 4.215932449564886442e-01
1.960411311053984491e+02 4.100753295668549958e-01
1.961953727506426617e+02 4.030131826741996104e-01
1.963496143958868743e+02 3.903013182674199832e-01
1.965038560411311153e+02 3.822975517890772057e-01
1.966580976863753278e+02 3.724105461393597549e-01
1.968123393316195404e+02 3.611111111111111605e-01
1.969665809768637530e+02 3.498457105257187782e-01
1.971208226221079656e+02 3.394538606403013636e-01
1.972750642673521781e+02 3.314500941619585861e-01
1.974293059125963907e+02 3.173258003766478152e-01
1.975835475578406033e+02 3.107344632768361814e-01
1.977377892030848159e+02 2.994670561256518315e-01
1.978920308483290569e+02 2.891720067240486358e-01
1.980462724935732695e+02 2.807290284255362645e-01
1.982005141388174820e+02 2.707156308851224047e-01
1.983547557840616946e+02 2.647333833774512257e-01
1.985089974293059072e+02 2.516844528143963311e-01
1.986632390745501198e+02 2.443502824858757583e-01
1.988174807197943323e+02 2.387005649717514055e-01
1.989717223650385449e+02 2.278719397363465626e-01
1.991259640102827859e+02 2.234227871939736820e-01
1.992802056555269985e+02 2.128060263653483997e-01
1.994344473007712111e+02 2.066854990583804064e-01
1.995886889460154237e+02 1.986907003856156484e-01
1.997429305912596362e+02 1.943301702228804606e-01
1.998971722365038488e+02 1.864406779661017532e-01
2.000514138817480614e+02 1.784369114877589757e-01
2.002056555269922740e+02 1.753609541745135836e-01
2.003598971722364865e+02 1.676082862523541328e-01
2.005141388174807275e+02 1.641288870515823506e-01
2.006683804627249401e+02 1.586629001883239631e-01
2.008226221079691527e+02 1.511299435028249372e-01
2.009768637532133653e+02 1.527586908942840660e-01
2.011311053984575778e+02 1.453555998670654770e-01
2.012853470437017904e+02 1.449401794616151928e-01
2.014395886889460030e+02 1.385194842821961814e-01
2.015938303341902156e+02 1.332548650345261043e-01
2.017480719794344566e+02 1.306208081408795074e-01
2.019023136246786692e+02 1.228813559322033955e-01
2.020565552699228817e+02 1.200564971751413301e-01
2.022107969151670943e+02 1.204696567892694636e-01
2.023650385604113069e+02 1.220069948883508726e-01
2.025192802056555195e+02 1.111111111111111605e-01
2.026735218508997320e+02 1.126439802040906102e-01
2.028277634961439446e+02 1.163474346607872301e-01
2.029820051413881856e+02 1.087443375578969196e-01
2.031362467866323982e+02 1.130191297452670662e-01
2.032904884318766108e+02 1.043852569276298992e-01
2.034447300771208234e+02 1.038349597671631708e-01
2.035989717223650359e+02 1.014215418261346091e-01
2.037532133676092485e+02 1.002197112366604026e-01
2.039074550128534611e+02 1.068110483364720364e-01
2.040616966580976737e+02 9.963059539330720860e-02
2.042159383033418862e+02 9.856873822975520394e-02
2.043701799485861272e+02 9.628060263653492878e-02
2.045244215938303398e+02 1.060345533447965005e-01
2.046786632390745524e+02 9.647320664269820600e-02
2.048329048843187650e+02 1.052901900359528575e-01
2.049871465295629775e+02 9.406779661016950733e-02
2.051413881748071901e+02 9.411239964317574813e-02
2.052956298200514027e+02 8.286252354048972979e-02
2.054498714652956153e+02 9.598980835271975209e-02
2.056041131105398563e+02 9.587902957793292824e-02
2.057583547557840689e+02 1.053622757458618775e-01
2.059125964010282814e+02 8.380414312617701089e-02
2.060668380462724940e+02 9.364834788563614065e-02
2.062210796915167066e+02 9.457135838860231125e-02
2.063753213367609192e+02 1.026365348399247424e-01
2.065295629820051317e+02 8.898305084745761206e-02
2.066838046272493443e+02 9.786958568738235442e-02
2.068380462724935569e+02 9.954264191552331109e-02
2.069922879177377979e+02 1.017397542821272260e-01
2.071465295629820105e+02 9.934086629001892543e-02
2.073007712082262231e+02 1.048603598188885266e-01
2.074550128534704356e+02 1.085303759503383203e-01
2.076092544987146482e+02 1.119701324875277404e-01
2.077634961439588608e+02 1.154487357599333075e-01
2.079177377892030734e+02 1.198105517609691084e-01
2.080719794344472859e+02 1.253792634442353338e-01
2.082262210796915269e+02 1.261770244821092124e-01
2.083804627249357395e+02 1.304143126177025325e-01
2.085347043701799521e+02 1.389423900017120461e-01
2.086889460154241647e+02 1.412429378531073754e-01
2.088431876606683772e+02 1.478640103082565771e-01
2.089974293059125898e+02 1.539548022598870025e-01
2.091516709511568024e+02 1.596045197740113553e-01
2.093059125964010150e+02 1.703914804259787363e-01
2.094601542416452276e+02 1.732580037664783745e-01
2.096143958868894686e+02 1.837978129104749225e-01
2.097686375321336811e+02 1.900064832823933347e-01
2.099228791773778937e+02 1.939736346516007792e-01
2.100771208226221063e+02 2.038606403013183410e-01
2.102313624678663189e+02 2.099811676082863343e-01
2.103856041131105314e+02 2.195460402418475399e-01
2.105398457583547440e+02 2.288135593220339548e-01
2.106940874035989566e+02 2.377589453860640134e-01
2.108483290488431976e+02 2.467043314500941831e-01
2.110025706940874102e+02 2.528248587570621764e-01
2.111568123393316228e+02 2.650659133709981630e-01
2.113110539845758353e+02 2.721280602636535484e-01
2.114652956298200479e+02 2.806156243911942516e-01
2.116195372750642605e+02 2.914312617702448094e-01
2.117737789203084731e+02 2.999058380414313385e-01
2.119280205655526856e+02 3.102636534839925408e-01
2.120822622107968982e+02 3.168549905838041747e-01
2.122365038560411392e+02 3.295668549905838018e-01
2.123907455012853518e+02 3.355986790032479128e-01
2.125449871465295644e+02 3.449027916251246051e-01
2.126992287917737769e+02 3.535576844346188796e-01
2.128534704370179895e+02 3.601694915254237683e-01
2.130077120822622021e+02 3.703867667313152090e-01
2.131619537275064147e+02 3.765464290888019816e-01
2.133161953727506273e+02 3.857654678241697610e-01
2.134704370179948683e+02 3.937336735313772262e-01
2.136246786632390808e+02 3.997175141242937935e-01
2.137789203084832934e+02 4.086466653678810790e-01
2.139331619537275060e+02 4.137885859330222571e-01
2.140874035989717186e+02 4.203440728864458187e-01
2.142416452442159311e+02 4.281970649895178171e-01
2.143958868894601437e+02 4.359996035285955696e-01
2.145501285347043563e+02 4.399129001883239631e-01
2.147043701799485689e+02 4.457522494245658162e-01
2.148586118251928099e+02 4.526240555442107016e-01
2.150128534704370225e+02 4.559182534700425560e-01
2.151670951156812350e+02 4.599811676082862233e-01
2.153213367609254476e+02 4.627925746569814258e-01
2.154755784061696602e+02 4.658346684655816361e-01
2.156298200514138728e+02 4.701279303850899316e-01
2.157840616966580853e+02 4.727098466505246233e-01
2.159383033419022979e+02 4.798140301318267742e-01
2.160925449871465389e+02 4.819418288344842205e-01
2.162467866323907515e+02 4.793073354462358271e-01
2.164010282776349641e+02 4.865482916330373664e-01
2.165552699228791766e+02 4.818809564572276161e-01
2.167095115681233892e+02 4.893824274303526511e-01
2.168637532133676018e+02 4.833043604230045087e-01
2.170179948586118144e+02 4.907885040530582943e-01
2.171722365038560270e+02 4.952919020715631504e-01
2.173264781491002395e+02 4.868173258003766213e-01
2.174807197943444805e+02 4.816631975418772527e-01
2.176349614395886931e+02 4.840383997060309085e-01
2.177892030848329057e+02 4.809271947750130005e-01
2.179434447300771183e+02 4.761805119620562410e-01
2.180976863753213308e+02 4.788135593220339548e-01
2.182519280205655434e+02 4.717948717948717841e-01
2.184061696658097560e+02 4.691721935642347852e-01
2.185604113110539686e+02 4.646892655367231839e-01
2.187146529562982096e+02 4.598242310106717134e-01
2.188688946015424222e+02 4.552302687895908306e-01
2.190231362467866347e+02 4.473968141870684478e-01
2.191773778920308473e+02 4.428813559322034576e-01
2.193316195372750599e+02 4.361475322460292015e-01
2.194858611825192725e+02 4.303629515493921920e-01
2.196401028277634850e+02 4.240541003252867869e-01
2.197943444730076976e+02 4.161958568738229891e-01
2.199485861182519386e+02 4.113136780135783210e-01
2.201028277634961512e+02 4.006002824858757583e-01
2.202570694087403638e+02 3.935969868173258002e-01
2.204113110539845763e+02 3.822975517890772057e-01
2.205655526992287889e+02 3.757062146892655718e-01
2.207197943444730015e+02 3.681732580037665459e-01
2.208740359897172141e+02 3.582862523540489841e-01
2.210282776349614267e+02 3.507532956685499581e-01
2.211825192802056392e+02 3.394538606403013636e-01
2.213367609254498802e+02 3.333333333333333703e-01
2.214910025706940928e+02 3.215630885122411353e-01
2.216452442159383054e+02 3.145009416195857499e-01
2.217994858611825180e+02 3.069679849340866129e-01
2.219537275064267305e+02 2.956685499058380184e-01
2.221079691516709431e+02 2.877755622022820647e-01
2.222622107969151557e+02 2.802512859431655068e-01
2.224164524421593683e+02 2.728035699664292935e-01
2.225706940874036093e+02 2.618127239001458717e-01
2.227249357326478219e+02 2.544489700579570801e-01
2.228791773778920344e+02 2.492474457641946639e-01
2.230334190231362470e+02 2.376694526155235243e-01
2.231876606683804596e+02 2.306967984934087390e-01
2.233419023136246722e+02 2.222222222222222099e-01
2.234961439588688847e+02 2.151600753295669355e-01
2.236503856041130973e+02 2.086210504289600642e-01
2.238046272493573099e+02 2.042417720383822299e-01
2.239588688946015509e+02 1.976841751971807337e-01
2.241131105398457635e+02 1.864406779661017532e-01
2.242673521850899760e+02 1.831450094161959363e-01
2.244215938303341886e+02 1.819577499385900410e-01
2.245758354755784012e+02 1.743186787020802875e-01
2.247300771208226138e+02 1.666666666666667407e-01
2.248843187660668264e+02 1.600753295668549958e-01
2.250385604113110389e+02 1.558380414312617868e-01
2.251928020565552799e+02 1.525423728813559698e-01
2.253470437017994925e+02 1.488162496637073229e-01
2.255012853470437051e+02 1.461033565968760106e-01
2.256555269922879177e+02 1.397863700564971889e-01
2.258097686375321302e+02 1.398977670164111009e-01
2.259640102827763428e+02 1.331813526282750182e-01
2.261182519280205554e+02 1.289523243136089237e-01
2.262724935732647680e+02 1.254663681910244133e-01
2.264267352185089806e+02 1.269194553092858335e-01
2.265809768637532216e+02 1.247369004098815015e-01
2.267352185089974341e+02 1.171088184721198466e-01
2.268894601542416467e+02 1.189445846856593825e-01
2.270437017994858593e+02 1.174722745344215502e-01
2.271979434447300719e+02 1.102636534839924742e-01
2.273521850899742844e+02 1.133323675696557009e-01
2.275064267352184970e+02 1.058330855387056291e-01
2.276606683804627096e+02 1.050952082025528034e-01
2.278149100257069506e+02 1.017779993353273849e-01
2.279691516709511632e+02 1.005250242538378025e-01
2.281233933161953757e+02 1.058733521657251320e-01
2.282776349614395883e+02 1.048650345260515593e-01
2.284318766066838009e+02 9.749125638956157580e-02
2.285861182519280135e+02 8.804143126177033096e-02
2.287403598971722261e+02 9.521222656815886420e-02
2.288946015424164386e+02 8.568738229755179514e-02
2.290488431876606512e+02 9.400502197112370339e-02
2.292030848329048922e+02 1.005963590709354483e-01
2.293573264781491048e+02 9.290646578782169041e-02
2.295115681233933174e+02 1.014707201147879712e-01
2.296658097686375299e+02 1.010357815442560758e-01
2.298200514138817425e+02 9.193180691842606223e-02
2.299742930591259551e+02 9.201715840133917190e-02
2.301285347043701677e+02 8.961079723791587348e-02
2.302827763496143803e+02 1.015462384775498439e-01
2.304370179948586213e+02 8.945386064030136364e-02
2.305912596401028338e+02 9.045086961338211218e-02
2.307455012853470464e+02 1.006541778174250279e-01
2.308997429305912590e+02 9.985875706214686343e-02
2.310539845758354716e+02 8.999192897497987342e-02
2.312082262210796841e+02 9.090909090909093937e-02
2.313624678663238967e+02 9.852130850247620142e-02
2.315167095115681093e+02 8.568738229755179514e-02
2.316709511568123219e+02 8.757062146892657939e-02
2.318251928020565629e+02 9.472104519774016129e-02
2.319794344473007754e+02 9.680867307985963066e-02
2.321336760925449880e+02 9.369114877589457269e-02
2.322879177377892006e+02 1.006657031489511800e-01
2.324421593830334132e+02 1.035986244166052783e-01
2.325964010282776258e+02 1.099776801283393057e-01
2.327506426735218383e+02 1.102871939736347340e-01
2.329048843187660509e+02 1.092278719397363762e-01
2.330591259640102919e+02 1.192905528852911123e-01
2.332133676092545045e+02 1.177024482109227943e-01
2.333676092544987171e+02 1.233521657250471470e-01
2.335218508997429296e+02 1.280602636534839966e-01
2.336760925449871422e+02 1.333333333333334147e-01
2.338303341902313548e+02 1.394462843907613436e-01
2.339845758354755674e+02 1.421845574387947675e-01
2.341388174807197800e+02 1.497175141242937935e-01
2.342930591259639925e+02 1.539548022598870025e-01
2.344473007712082335e+02 1.600753295668549958e-01
2.346015424164524461e+02 1.680790960451977734e-01
2.347557840616966587e+02 1.744548286604361564e-01
2.349100257069408713e+02 1.828241921237272472e-01
2.350642673521850838e+02 1.873822975517891454e-01
2.352185089974292964e+02 1.978769295153476326e-01
2.353727506426735090e+02 2.015065913370998052e-01
2.355269922879177216e+02 2.066854990583804064e-01
2.356812339331619626e+02 2.189265536723163930e-01
2.358354755784061751e+02 2.236346516007533536e-01
2.359897172236503877e+02 2.335068285955781420e-01
2.361439588688946003e+02 2.405838041431261898e-01
2.362982005141388129e+02 2.490583804143126079e-01
2.364524421593830255e+02 2.565913370998117449e-01
2.366066838046272380e+02 2.627118644067797382e-01
2.367609254498714506e+02 2.735404896421845811e-01
2.369151670951156916e+02 2.796610169491525744e-01
2.370694087403599042e+02 2.876574270244821596e-01
2.372236503856041168e+02 2.961393596986817700e-01
2.373778920308483293e+02 3.036723163841807960e-01
2.375321336760925419e+02 3.130885122410546062e-01
2.376863753213367545e+02 3.182674199623352074e-01
2.378406169665809671e+02 3.243879472693032007e-01
2.379948586118251797e+02 3.281544256120527692e-01
2.381491002570693922e+02 3.314500941619585861e-01
2.383033419023136332e+02 3.375706214689265794e-01
2.384575835475578458e+02 3.388337696936292165e-01
2.386118251928020584e+02 3.436248375374658659e-01
2.387660668380462710e+02 3.493408662900188144e-01
2.389203084832904835e+02 3.531996602784240880e-01
2.390745501285346961e+02 3.557857292320569798e-01
2.392287917737789087e+02 3.573694122311428245e-01
2.393830334190231213e+02 3.611447403820285951e-01
2.395372750642673623e+02 3.662900188323917616e-01
2.396915167095115748e+02 3.545197740112994156e-01
