1.120000000000000107e+00 4.325185972369819387e-01
1.159999999999999920e+00 4.325185972369819387e-01
1.199999999999999956e+00 4.325185972369819387e-01
1.239999999999999991e+00 4.319872476089267055e-01
1.280000000000000027e+00 4.319872476089267055e-01
1.320000000000000062e+00 4.303931987247608948e-01
1.360000000000000098e+00 4.256110520722635737e-01
1.400000000000000133e+00 4.245483528161531073e-01
1.439999999999999947e+00 4.245483528161531073e-01
1.479999999999999982e+00 4.245483528161531073e-01
1.520000000000000018e+00 4.234856535600425298e-01
1.560000000000000053e+00 4.234856535600425298e-01
1.600000000000000089e+00 4.240170031880977630e-01
1.640000000000000124e+00 4.240170031880977630e-01
1.679999999999999938e+00 4.245483528161531073e-01
1.719999999999999973e+00 4.245483528161531073e-01
1.760000000000000009e+00 4.256110520722635737e-01
1.800000000000000044e+00 4.272051009564293844e-01
1.840000000000000080e+00 4.277364505844846176e-01
1.880000000000000115e+00 4.272051009564293844e-01
1.919999999999999929e+00 4.277364505844846176e-01
1.959999999999999964e+00 4.282678002125398509e-01
2.000000000000000000e+00 4.287991498405951951e-01
2.040000000000000036e+00 4.373007438894792598e-01
2.080000000000000071e+00 4.383151386339484423e-01
2.120000000000000107e+00 4.392490258590152630e-01
2.160000000000000142e+00 4.399220687212186398e-01
2.200000000000000178e+00 4.436769394261423916e-01
2.240000000000000213e+00 4.455418724344147874e-01
2.280000000000000249e+00 4.551054593922801983e-01
2.319999999999999840e+00 4.566064470421538068e-01
2.359999999999999876e+00 4.636025504782147477e-01
2.399999999999999911e+00 4.653805280797842503e-01
2.439999999999999947e+00 4.671432711815283190e-01
2.479999999999999982e+00 4.717321997874601713e-01
2.520000000000000018e+00 4.736039217030613147e-01
2.560000000000000053e+00 4.751328374070138416e-01
2.600000000000000089e+00 4.763689244364897046e-01
2.640000000000000124e+00 4.846874698096802492e-01
2.680000000000000160e+00 4.920297555791711686e-01
2.720000000000000195e+00 5.001700318809777501e-01
2.760000000000000231e+00 5.079522325690304374e-01
2.800000000000000266e+00 5.096273347862894099e-01
2.839999999999999858e+00 5.120882040382572775e-01
2.879999999999999893e+00 5.174070138150903553e-01
2.919999999999999929e+00 5.258631342213875293e-01
2.959999999999999964e+00 5.258631342213875293e-01
3.000000000000000000e+00 5.418606897884262752e-01
3.040000000000000036e+00 5.461724504379054101e-01
3.080000000000000071e+00 5.461724504379054101e-01
3.120000000000000107e+00 5.506417068584974484e-01
3.160000000000000142e+00 5.552278297078661051e-01
3.200000000000000178e+00 5.571461315663353009e-01
3.240000000000000213e+00 5.617094871955158331e-01
3.280000000000000249e+00 5.726000708466170153e-01
3.320000000000000284e+00 5.834218916046758352e-01
3.359999999999999876e+00 5.864722320620301410e-01
3.399999999999999911e+00 5.904081552328098725e-01
3.439999999999999947e+00 5.942653599401739317e-01
3.479999999999999982e+00 5.960983755882800494e-01
3.520000000000000018e+00 5.999776273840818908e-01
3.560000000000000053e+00 6.051570990315401355e-01
3.600000000000000089e+00 6.174282678002125380e-01
3.640000000000000124e+00 6.243820172804139812e-01
3.680000000000000160e+00 6.370972099641564190e-01
3.720000000000000195e+00 6.377435352461919837e-01
3.760000000000000231e+00 6.405714960443972261e-01
3.800000000000000266e+00 6.434301189537554588e-01
3.839999999999999858e+00 6.525790893484836319e-01
3.879999999999999893e+00 6.605030109812257688e-01
3.919999999999999929e+00 6.745892258644650141e-01
3.959999999999999964e+00 6.785334750265674675e-01
4.000000000000000000e+00 6.812834423998359590e-01
4.040000000000000036e+00 6.823078896258565340e-01
4.080000000000000071e+00 6.864264322287702003e-01
4.120000000000000107e+00 6.919375213041124573e-01
4.160000000000000142e+00 6.937621558759248241e-01
4.200000000000000178e+00 7.082440245681658197e-01
4.240000000000000213e+00 7.137353878852285005e-01
4.280000000000000249e+00 7.205691344904947560e-01
4.320000000000000284e+00 7.255170440611460325e-01
4.360000000000000320e+00 7.294754130035745465e-01
4.400000000000000355e+00 7.342878982791729570e-01
4.440000000000000391e+00 7.368353549049067031e-01
4.480000000000000426e+00 7.404357066950053579e-01
4.520000000000000462e+00 7.563700170526159727e-01
4.560000000000000497e+00 7.569137236487655240e-01
4.600000000000000533e+00 7.617744816514798734e-01
4.639999999999999680e+00 7.753741962211134764e-01
4.679999999999999716e+00 7.802788780472096342e-01
4.719999999999999751e+00 7.817315356004250759e-01
4.759999999999999787e+00 7.882079741803440509e-01
4.799999999999999822e+00 7.951251497953738534e-01
4.839999999999999858e+00 8.010280997454464202e-01
4.879999999999999893e+00 8.040243958785751044e-01
4.919999999999999929e+00 8.172157279489904447e-01
4.959999999999999964e+00 8.185394410574790003e-01
5.000000000000000000e+00 8.221159522966111632e-01
5.040000000000000036e+00 8.247588089433435243e-01
5.080000000000000071e+00 8.279702444208288936e-01
5.120000000000000107e+00 8.316559354879040633e-01
5.160000000000000142e+00 8.450858729560180027e-01
5.200000000000000178e+00 8.484590860786397348e-01
5.240000000000000213e+00 8.569830527434421086e-01
5.280000000000000249e+00 8.590405343859116583e-01
5.320000000000000284e+00 8.597806285107029156e-01
5.360000000000000320e+00 8.618130730020353569e-01
5.400000000000000355e+00 8.638682252922422755e-01
5.440000000000000391e+00 8.698929126134227197e-01
5.480000000000000426e+00 8.796985082851183080e-01
5.520000000000000462e+00 8.871495136107251378e-01
5.560000000000000497e+00 8.906368604827691327e-01
5.600000000000000533e+00 8.940470197811212216e-01
5.639999999999999680e+00 8.960936641137454695e-01
5.679999999999999716e+00 8.978415010191460599e-01
5.719999999999999751e+00 9.002143410364019660e-01
5.759999999999999787e+00 9.108882394615657185e-01
5.799999999999999822e+00 9.168733026331326030e-01
5.839999999999999858e+00 9.213001022597397949e-01
5.879999999999999893e+00 9.218916046758767191e-01
5.919999999999999929e+00 9.227237182443406294e-01
5.959999999999999964e+00 9.236661119242877138e-01
6.000000000000000000e+00 9.282791055237751277e-01
6.040000000000000036e+00 9.320119615451153416e-01
6.080000000000000071e+00 9.398087141339001027e-01
6.120000000000000107e+00 9.406840313170964363e-01
6.160000000000000142e+00 9.436769394261423916e-01
6.200000000000000178e+00 9.442082890541976248e-01
6.240000000000000213e+00 9.452709883103082023e-01
6.280000000000000249e+00 9.463336875664186687e-01
6.320000000000000284e+00 9.473963868225292462e-01
6.360000000000000320e+00 9.479277364505844794e-01
6.400000000000000355e+00 9.500531349628055233e-01
6.440000000000000391e+00 9.527098831030818005e-01
6.480000000000000426e+00 9.548352816153028444e-01
6.520000000000000462e+00 9.574920297555791215e-01
6.560000000000000497e+00 9.585547290116896990e-01
6.600000000000000533e+00 9.585547290116896990e-01
6.640000000000000568e+00 9.596174282678001655e-01
6.679999999999999716e+00 9.633368756641870201e-01
6.719999999999999751e+00 9.649309245483528308e-01
6.759999999999999787e+00 9.654622741764080640e-01
6.799999999999999822e+00 9.670563230605738747e-01
6.839999999999999858e+00 9.681190223166843412e-01
6.879999999999999893e+00 9.686503719447396854e-01
6.919999999999999929e+00 9.702444208289053851e-01
6.959999999999999964e+00 9.707757704569607293e-01
7.000000000000000000e+00 9.713071200850159626e-01
7.040000000000000036e+00 9.723698193411264290e-01
7.080000000000000071e+00 9.723698193411264290e-01
7.120000000000000107e+00 9.723698193411264290e-01
7.160000000000000142e+00 9.723698193411264290e-01
7.200000000000000178e+00 9.723698193411264290e-01
7.240000000000000213e+00 9.723698193411264290e-01
7.280000000000000249e+00 9.723698193411264290e-01
7.320000000000000284e+00 9.723698193411264290e-01
7.360000000000000320e+00 9.723698193411264290e-01
7.400000000000000355e+00 9.723698193411264290e-01
7.440000000000000391e+00 9.718384697130711958e-01
7.480000000000000426e+00 9.718384697130711958e-01
7.520000000000000462e+00 9.718384697130711958e-01
7.560000000000000497e+00 9.713071200850159626e-01
7.600000000000000533e+00 9.713071200850159626e-01
7.640000000000000568e+00 9.702444208289053851e-01
7.679999999999999716e+00 9.691817215727949186e-01
7.719999999999999751e+00 9.675876726886291079e-01
7.759999999999999787e+00 9.659936238044632972e-01
7.799999999999999822e+00 9.654622741764080640e-01
7.839999999999999858e+00 9.649309245483528308e-01
7.879999999999999893e+00 9.638682252922422533e-01
7.919999999999999929e+00 9.628055260361317869e-01
7.959999999999999964e+00 9.606801275239107429e-01
8.000000000000000000e+00 9.596174282678001655e-01
8.040000000000000924e+00 9.585547290116896990e-01
8.080000000000000071e+00 9.585547290116896990e-01
8.120000000000000995e+00 9.564293304994686551e-01
8.160000000000000142e+00 9.553666312433581886e-01
8.199999999999999289e+00 9.532412327311370337e-01
8.240000000000000213e+00 9.505844845908607565e-01
8.279999999999999361e+00 9.495217853347502901e-01
8.320000000000000284e+00 9.479277364505844794e-01
8.359999999999999432e+00 9.468650371944740129e-01
8.400000000000000355e+00 9.458023379383634355e-01
8.439999999999999503e+00 9.442082890541976248e-01
8.480000000000000426e+00 9.431455897980871583e-01
8.519999999999999574e+00 9.420828905419765809e-01
8.560000000000000497e+00 9.399574920297555369e-01
8.599999999999999645e+00 9.383634431455898373e-01
8.640000000000000568e+00 9.373007438894792598e-01
8.679999999999999716e+00 9.322287701671335691e-01
8.720000000000000639e+00 9.282678002125398509e-01
8.759999999999999787e+00 9.277364505844846176e-01
8.800000000000000711e+00 9.266737513283740402e-01
8.839999999999999858e+00 9.250797024442083405e-01
8.880000000000000782e+00 9.240170031880977630e-01
8.919999999999999929e+00 9.224229543039319523e-01
8.960000000000000853e+00 9.133900106269925434e-01
9.000000000000000000e+00 9.123273113708820770e-01
9.040000000000000924e+00 9.102019128586610330e-01
9.080000000000000071e+00 9.075451647183847559e-01
9.120000000000000995e+00 9.064824654622741784e-01
9.160000000000000142e+00 9.054197662061636009e-01
9.200000000000001066e+00 9.028762565112106175e-01
9.240000000000000213e+00 8.991070154012086313e-01
9.279999999999999361e+00 8.964532412327311794e-01
9.320000000000000284e+00 8.890997419158949144e-01
9.359999999999999432e+00 8.865476932097182683e-01
9.400000000000000355e+00 8.846971307120085060e-01
9.439999999999999503e+00 8.836344314558979285e-01
9.480000000000000426e+00 8.831030818278426953e-01
9.519999999999999574e+00 8.825717321997874620e-01
9.560000000000000497e+00 8.731050337244355974e-01
9.599999999999999645e+00 8.686117283354265473e-01
9.640000000000000568e+00 8.639744952178534110e-01
9.679999999999999716e+00 8.634431455897980667e-01
9.720000000000000639e+00 8.629117959617428335e-01
9.759999999999999787e+00 8.629117959617428335e-01
9.800000000000000711e+00 8.536478307073880334e-01
9.839999999999999858e+00 8.496280552603613367e-01
9.880000000000000782e+00 8.391361515877446831e-01
9.919999999999999929e+00 8.388947927736450927e-01
9.960000000000000853e+00 8.379383634431456507e-01
1.000000000000000000e+01 8.379383634431456507e-01
1.004000000000000092e+01 8.361641960409950114e-01
1.008000000000000007e+01 8.345071056755345440e-01
1.012000000000000099e+01 8.287976096967456519e-01
1.016000000000000014e+01 8.217155951115834300e-01
1.020000000000000107e+01 8.191285866099893287e-01
1.024000000000000021e+01 8.132798047782107131e-01
1.027999999999999936e+01 8.121580666745384924e-01
1.032000000000000028e+01 8.091126461211477494e-01
1.035999999999999943e+01 8.055086148324942519e-01
1.040000000000000036e+01 8.038120050735318989e-01
1.043999999999999950e+01 8.033826257677552096e-01
1.048000000000000043e+01 7.918592294194696235e-01
1.051999999999999957e+01 7.884981340978177711e-01
1.056000000000000050e+01 7.827704107563646652e-01
1.059999999999999964e+01 7.756902532432378150e-01
1.064000000000000057e+01 7.726003710441470274e-01
1.067999999999999972e+01 7.715755914760333845e-01
1.072000000000000064e+01 7.659242230367173665e-01
1.075999999999999979e+01 7.580081979656899671e-01
1.080000000000000071e+01 7.559745940735981273e-01
1.083999999999999986e+01 7.512176762309600297e-01
1.088000000000000078e+01 7.424017003188098096e-01
1.091999999999999993e+01 7.415724464730579779e-01
1.096000000000000085e+01 7.384051920449370421e-01
1.100000000000000000e+01 7.351222104144528036e-01
1.104000000000000092e+01 7.334668519578190216e-01
1.108000000000000007e+01 7.310969863453171680e-01
1.112000000000000099e+01 7.249286872867610754e-01
1.116000000000000014e+01 7.199526140659571194e-01
1.120000000000000107e+01 7.091211677661259927e-01
1.124000000000000021e+01 7.058528662803521536e-01
1.127999999999999936e+01 7.037233833195576382e-01
1.132000000000000028e+01 7.029254305937080449e-01
1.135999999999999943e+01 7.012866251707909893e-01
1.140000000000000036e+01 7.011799626223020887e-01
1.143999999999999950e+01 6.870350690754516432e-01
1.148000000000000043e+01 6.800624606909714265e-01
1.151999999999999957e+01 6.734287232427509373e-01
1.156000000000000050e+01 6.702462852135653293e-01
1.159999999999999964e+01 6.680897064751365466e-01
1.164000000000000057e+01 6.670819744219282921e-01
1.167999999999999972e+01 6.649141450864142211e-01
1.172000000000000064e+01 6.534907360347456118e-01
1.175999999999999979e+01 6.489469616462177903e-01
1.180000000000000071e+01 6.339550734728278680e-01
1.183999999999999986e+01 6.323243797867272864e-01
1.188000000000000078e+01 6.310156368604827870e-01
1.191999999999999993e+01 6.304789604191136654e-01
1.196000000000000085e+01 6.273983190029949197e-01
1.200000000000000000e+01 6.221907348368560520e-01
1.204000000000000092e+01 6.127812100362038938e-01
1.208000000000000007e+01 6.092688989354996254e-01
1.212000000000000099e+01 5.993817022509901893e-01
1.216000000000000014e+01 5.975352834796875401e-01
1.220000000000000107e+01 5.938251580065999624e-01
1.224000000000000021e+01 5.927027984413744122e-01
1.228000000000000114e+01 5.914606972678344565e-01
1.232000000000000028e+01 5.886668266428988217e-01
1.235999999999999943e+01 5.837574808434475848e-01
1.240000000000000036e+01 5.722635494155154934e-01
1.243999999999999950e+01 5.693470303459675641e-01
1.248000000000000043e+01 5.596337774871250614e-01
1.251999999999999957e+01 5.515577821635206934e-01
1.256000000000000050e+01 5.505296355969970801e-01
1.259999999999999964e+01 5.488211242997893535e-01
1.264000000000000057e+01 5.415515409139214364e-01
1.267999999999999972e+01 5.365214311016649473e-01
1.272000000000000064e+01 5.334750265674814695e-01
1.275999999999999979e+01 5.203431000455442934e-01
1.280000000000000071e+01 5.167198016294722862e-01
1.283999999999999986e+01 5.139922068721218817e-01
1.288000000000000078e+01 5.125301903197758691e-01
1.291999999999999993e+01 5.105876333293974945e-01
1.296000000000000085e+01 5.070988310308183200e-01
1.300000000000000000e+01 4.946955096453466982e-01
1.304000000000000092e+01 4.902364505844846176e-01
1.308000000000000007e+01 4.843927304166141257e-01
1.312000000000000099e+01 4.819434345694203481e-01
1.316000000000000014e+01 4.793892275854354512e-01
1.320000000000000107e+01 4.766775466828602204e-01
1.324000000000000021e+01 4.743119938436732852e-01
1.328000000000000114e+01 4.705100956429331127e-01
1.332000000000000028e+01 4.654268508678710559e-01
1.335999999999999943e+01 4.514428186054115777e-01
1.340000000000000036e+01 4.482547208370800673e-01
1.343999999999999950e+01 4.437608367358353290e-01
1.348000000000000043e+01 4.403688594837338321e-01
1.351999999999999957e+01 4.390719093163301112e-01
1.356000000000000050e+01 4.382643779606981704e-01
1.359999999999999964e+01 4.246782382807888778e-01
1.364000000000000057e+01 4.245483528161531073e-01
1.367999999999999972e+01 4.121920587382862378e-01
1.372000000000000064e+01 4.094748028413222052e-01
1.375999999999999979e+01 4.066968696981562159e-01
1.380000000000000071e+01 4.050212539851222315e-01
1.383999999999999986e+01 4.027236588341795986e-01
1.388000000000000078e+01 3.972582359192349255e-01
1.391999999999999993e+01 3.921151882644663411e-01
1.396000000000000085e+01 3.815090329436769956e-01
1.400000000000000000e+01 3.779107705501799641e-01
1.404000000000000092e+01 3.760090981971401236e-01
1.408000000000000007e+01 3.748179635533515075e-01
1.412000000000000099e+01 3.722596134923447098e-01
1.416000000000000014e+01 3.717241794157160051e-01
1.420000000000000107e+01 3.654784848430266964e-01
1.424000000000000021e+01 3.600872532020806815e-01
1.428000000000000114e+01 3.504738771172657419e-01
1.432000000000000028e+01 3.482678002125398908e-01
1.435999999999999943e+01 3.452001416932342082e-01
1.440000000000000036e+01 3.405192044936997675e-01
1.443999999999999950e+01 3.388078446526906484e-01
1.448000000000000043e+01 3.372026485735306611e-01
1.451999999999999957e+01 3.310408437431074935e-01
1.456000000000000050e+01 3.262486716259298536e-01
1.459999999999999964e+01 3.251859723698193871e-01
1.464000000000000057e+01 3.211689691817216641e-01
1.467999999999999972e+01 3.121764766377567168e-01
1.472000000000000064e+01 3.105534210741438539e-01
1.475999999999999979e+01 3.081467605684540256e-01
1.480000000000000071e+01 3.028901252318143555e-01
1.483999999999999986e+01 2.997716327130487413e-01
1.488000000000000078e+01 2.982114997625885389e-01
1.491999999999999993e+01 2.859192348565355868e-01
1.496000000000000085e+01 2.855575743032464642e-01
1.500000000000000000e+01 2.838506357873136210e-01
1.504000000000000092e+01 2.824461404695198796e-01
1.508000000000000007e+01 2.806903609241548914e-01
1.512000000000000099e+01 2.788482746175285909e-01
1.516000000000000014e+01 2.774848114210094474e-01
1.520000000000000107e+01 2.739931840668401453e-01
1.524000000000000021e+01 2.651843374478869420e-01
1.528000000000000114e+01 2.616445772261544178e-01
1.532000000000000028e+01 2.574920297555791660e-01
1.535999999999999943e+01 2.566418703506907484e-01
1.540000000000000036e+01 2.561105207226355152e-01
1.543999999999999950e+01 2.561105207226355152e-01
1.548000000000000043e+01 2.550478214665250487e-01
1.551999999999999957e+01 2.438894792773645959e-01
1.556000000000000050e+01 2.417640807651435519e-01
1.559999999999999964e+01 2.332624867162593763e-01
1.564000000000000057e+01 2.327311370882040320e-01
1.567999999999999972e+01 2.321997874601487988e-01
1.572000000000000064e+01 2.321997874601487988e-01
1.575999999999999979e+01 2.271315294694679077e-01
1.580000000000000071e+01 2.242512307792405846e-01
1.583999999999999986e+01 2.147715196599363496e-01
1.588000000000000078e+01 2.109458023379383595e-01
1.591999999999999993e+01 2.104144527098831263e-01
1.596000000000000085e+01 2.104144527098831263e-01
1.600000000000000000e+01 2.093517534537726599e-01
1.603999999999999915e+01 2.088204038257173156e-01
1.608000000000000185e+01 2.056323060573858053e-01
1.612000000000000099e+01 2.040382571732199946e-01
1.616000000000000014e+01 1.991908570576281789e-01
1.619999999999999929e+01 1.944739638682253524e-01
1.624000000000000199e+01 1.934112646121147749e-01
1.628000000000000114e+01 1.918172157279490753e-01
1.632000000000000028e+01 1.902231668437832646e-01
1.635999999999999943e+01 1.891604675876726871e-01
1.639999999999999858e+01 1.880977683315622206e-01
1.644000000000000128e+01 1.817215727948990889e-01
1.648000000000000043e+01 1.801275239107332782e-01
1.651999999999999957e+01 1.774707757704570010e-01
1.655999999999999872e+01 1.753453772582359571e-01
1.660000000000000142e+01 1.721572794899044467e-01
1.664000000000000057e+01 1.716259298618491025e-01
1.667999999999999972e+01 1.695005313496280586e-01
1.671999999999999886e+01 1.679064824654623589e-01
1.676000000000000156e+01 1.652497343251859707e-01
1.680000000000000071e+01 1.625929861849096936e-01
1.683999999999999986e+01 1.594048884165781832e-01
1.687999999999999901e+01 1.583421891604676057e-01
1.692000000000000171e+01 1.567481402763019060e-01
1.696000000000000085e+01 1.551540913921360954e-01
1.700000000000000000e+01 1.540913921360255179e-01
1.703999999999999915e+01 1.524973432518598182e-01
1.708000000000000185e+01 1.514346439957492407e-01
1.712000000000000099e+01 1.503719447396387743e-01
1.716000000000000014e+01 1.471838469713071529e-01
1.719999999999999929e+01 1.413390010626992543e-01
1.724000000000000199e+01 1.402763018065887879e-01
1.728000000000000114e+01 1.392136025504782104e-01
1.732000000000000028e+01 1.386822529224229772e-01
1.735999999999999943e+01 1.381509032943677440e-01
1.740000000000000213e+01 1.349628055260362336e-01
1.744000000000000128e+01 1.312433581296493790e-01
1.748000000000000043e+01 1.280552603613177576e-01
1.751999999999999957e+01 1.269925611052072911e-01
1.755999999999999872e+01 1.259298618490967137e-01
1.760000000000000142e+01 1.248671625929862472e-01
1.764000000000000057e+01 1.232731137088204365e-01
1.767999999999999972e+01 1.216790648246546258e-01
1.771999999999999886e+01 1.200850159404889261e-01
1.776000000000000156e+01 1.184909670563231154e-01
1.780000000000000071e+01 1.174282678002125380e-01
1.783999999999999986e+01 1.168969181721573047e-01
1.787999999999999901e+01 1.158342189160468383e-01
1.792000000000000171e+01 1.142401700318810276e-01
1.796000000000000085e+01 1.126461211477152169e-01
1.800000000000000000e+01 1.115834218916047504e-01
1.803999999999999915e+01 1.105207226354941730e-01
1.808000000000000185e+01 1.099893730074389397e-01
1.812000000000000099e+01 1.089266737513284733e-01
1.816000000000000014e+01 1.078639744952178958e-01
1.819999999999999929e+01 1.062699256110520851e-01
1.824000000000000199e+01 1.052072263549416187e-01
1.828000000000000114e+01 1.041445270988310412e-01
1.832000000000000028e+01 1.025504782146653415e-01
1.835999999999999943e+01 1.009564293304995308e-01
1.840000000000000213e+01 9.936238044633372013e-02
1.844000000000000128e+01 9.829968119022325368e-02
1.848000000000000043e+01 9.670563230605744298e-02
1.851999999999999957e+01 9.617428267800220976e-02
1.855999999999999872e+01 9.564293304994686551e-02
1.860000000000000142e+01 9.404888416578116583e-02
1.864000000000000057e+01 9.298618490967058836e-02
1.867999999999999972e+01 9.192348565356012191e-02
1.871999999999999886e+01 9.032943676939431121e-02
1.876000000000000156e+01 8.979808714133907799e-02
1.880000000000000071e+01 8.926673751328384476e-02
1.883999999999999986e+01 8.820403825717326729e-02
1.887999999999999901e+01 8.714133900106280084e-02
1.892000000000000171e+01 8.660998937300745659e-02
1.896000000000000085e+01 8.660998937300745659e-02
1.900000000000000000e+01 8.660998937300745659e-02
1.903999999999999915e+01 8.554729011689699014e-02
1.908000000000000185e+01 8.554729011689699014e-02
1.912000000000000099e+01 8.342189160467594622e-02
1.916000000000000014e+01 8.182784272051013552e-02
1.919999999999999929e+01 8.129649309245490230e-02
1.924000000000000199e+01 8.076514346439966907e-02
1.928000000000000114e+01 8.023379383634432482e-02
1.932000000000000028e+01 8.023379383634432482e-02
1.935999999999999943e+01 7.970244420828909160e-02
1.940000000000000213e+01 7.970244420828909160e-02
1.944000000000000128e+01 7.970244420828909160e-02
1.948000000000000043e+01 7.970244420828909160e-02
1.951999999999999957e+01 7.970244420828909160e-02
1.955999999999999872e+01 7.917109458023385837e-02
1.960000000000000142e+01 7.757704569606804768e-02
1.964000000000000057e+01 7.651434643995758123e-02
1.967999999999999972e+01 7.598299681190223698e-02
1.971999999999999886e+01 7.545164718384700375e-02
1.976000000000000156e+01 7.545164718384700375e-02
1.980000000000000071e+01 7.492029755579177053e-02
1.983999999999999986e+01 7.438894792773653730e-02
1.987999999999999901e+01 7.385759829968119305e-02
1.992000000000000171e+01 7.385759829968119305e-02
1.996000000000000085e+01 7.385759829968119305e-02
2.000000000000000000e+01 7.385759829968119305e-02
2.003999999999999915e+01 7.385759829968119305e-02
2.008000000000000185e+01 7.385759829968119305e-02
2.012000000000000099e+01 7.332624867162595983e-02
2.016000000000000014e+01 7.332624867162595983e-02
2.019999999999999929e+01 7.332624867162595983e-02
2.024000000000000199e+01 7.332624867162595983e-02
2.028000000000000114e+01 7.332624867162595983e-02
2.032000000000000028e+01 7.332624867162595983e-02
2.035999999999999943e+01 7.332624867162595983e-02
2.040000000000000213e+01 7.332624867162595983e-02
2.044000000000000128e+01 7.332624867162595983e-02
2.048000000000000043e+01 7.332624867162595983e-02
2.051999999999999957e+01 7.332624867162595983e-02
2.055999999999999872e+01 7.332624867162595983e-02
2.060000000000000142e+01 7.332624867162595983e-02
2.064000000000000057e+01 7.332624867162595983e-02
2.067999999999999972e+01 7.332624867162595983e-02
2.071999999999999886e+01 7.332624867162595983e-02
2.076000000000000156e+01 7.332624867162595983e-02
2.080000000000000071e+01 7.332624867162595983e-02
2.083999999999999986e+01 7.332624867162595983e-02
2.087999999999999901e+01 7.332624867162595983e-02
2.092000000000000171e+01 7.385759829968119305e-02
2.096000000000000085e+01 7.385759829968119305e-02
2.100000000000000000e+01 7.385759829968119305e-02
2.103999999999999915e+01 7.492029755579177053e-02
2.108000000000000185e+01 7.492029755579177053e-02
2.112000000000000099e+01 7.492029755579177053e-02
2.116000000000000014e+01 7.545164718384700375e-02
2.119999999999999929e+01 7.651434643995758123e-02
2.124000000000000199e+01 7.757704569606804768e-02
2.128000000000000114e+01 7.863974495217862515e-02
2.132000000000000028e+01 7.970244420828909160e-02
2.135999999999999943e+01 7.970244420828909160e-02
2.140000000000000213e+01 7.970244420828909160e-02
2.144000000000000128e+01 7.970244420828909160e-02
2.148000000000000043e+01 7.970244420828909160e-02
2.151999999999999957e+01 7.970244420828909160e-02
2.155999999999999872e+01 8.023379383634432482e-02
2.160000000000000142e+01 8.023379383634432482e-02
2.164000000000000057e+01 8.076514346439966907e-02
2.167999999999999972e+01 8.182784272051013552e-02
2.171999999999999886e+01 8.342189160467594622e-02
2.176000000000000156e+01 8.554729011689699014e-02
2.180000000000000071e+01 8.554729011689699014e-02
2.183999999999999986e+01 8.660998937300745659e-02
2.187999999999999901e+01 8.660998937300745659e-02
2.192000000000000171e+01 8.660998937300745659e-02
2.196000000000000085e+01 8.714133900106280084e-02
2.200000000000000000e+01 8.873538788522850052e-02
2.203999999999999915e+01 8.926673751328384476e-02
2.208000000000000185e+01 8.979808714133907799e-02
2.212000000000000099e+01 9.032943676939431121e-02
2.216000000000000014e+01 9.192348565356012191e-02
2.219999999999999929e+01 9.298618490967058836e-02
2.224000000000000199e+01 9.404888416578116583e-02
2.228000000000000114e+01 9.564293304994686551e-02
2.232000000000000028e+01 9.617428267800220976e-02
2.235999999999999943e+01 9.670563230605744298e-02
2.240000000000000213e+01 9.829968119022325368e-02
2.244000000000000128e+01 9.936238044633372013e-02
2.248000000000000043e+01 9.989373007438895335e-02
2.251999999999999957e+01 1.020191285866099973e-01
2.255999999999999872e+01 1.025504782146653415e-01
2.260000000000000142e+01 1.036131774707758080e-01
2.264000000000000057e+01 1.046758767268863854e-01
2.267999999999999972e+01 1.062699256110520851e-01
2.271999999999999886e+01 1.078639744952178958e-01
2.276000000000000156e+01 1.105207226354941730e-01
2.280000000000000071e+01 1.110520722635495172e-01
2.283999999999999986e+01 1.121147715196599837e-01
2.287999999999999901e+01 1.121147715196599837e-01
2.292000000000000171e+01 1.137088204038257944e-01
2.296000000000000085e+01 1.158342189160468383e-01
2.300000000000000000e+01 1.168969181721573047e-01
2.303999999999999915e+01 1.174282678002125380e-01
2.308000000000000185e+01 1.179596174282678822e-01
2.312000000000000099e+01 1.200850159404889261e-01
2.316000000000000014e+01 1.216790648246546258e-01
2.319999999999999929e+01 1.232731137088204365e-01
2.324000000000000199e+01 1.243358129649310140e-01
2.328000000000000114e+01 1.253985122210414804e-01
2.332000000000000028e+01 1.253985122210414804e-01
2.335999999999999943e+01 1.275239107332625244e-01
2.340000000000000213e+01 1.301806588735388015e-01
2.344000000000000128e+01 1.344314558979808893e-01
2.348000000000000043e+01 1.360255047821467000e-01
2.351999999999999957e+01 1.370882040382572775e-01
2.355999999999999872e+01 1.381509032943677440e-01
2.360000000000000142e+01 1.397449521785335547e-01
2.364000000000000057e+01 1.424017003188098318e-01
2.367999999999999972e+01 1.450584484590861090e-01
2.371999999999999886e+01 1.477151965993623861e-01
2.376000000000000156e+01 1.487778958554729636e-01
2.380000000000000071e+01 1.487778958554729636e-01
2.383999999999999986e+01 1.503719447396387743e-01
2.387999999999999901e+01 1.519659936238044740e-01
2.392000000000000171e+01 1.540913921360255179e-01
2.396000000000000085e+01 1.583421891604676057e-01
2.400000000000000000e+01 1.594048884165781832e-01
2.403999999999999915e+01 1.641870350690755043e-01
2.408000000000000185e+01 1.652497343251859707e-01
2.412000000000000099e+01 1.663124335812965482e-01
2.416000000000000014e+01 1.679064824654623589e-01
2.419999999999999929e+01 1.689691817215728253e-01
2.424000000000000199e+01 1.700318809776834028e-01
2.428000000000000114e+01 1.742826780021254907e-01
2.432000000000000028e+01 1.764080765143465346e-01
2.435999999999999943e+01 1.774707757704570010e-01
2.440000000000000213e+01 1.827842720510096663e-01
2.444000000000000128e+01 1.849096705632305992e-01
2.448000000000000043e+01 1.859723698193411767e-01
2.451999999999999957e+01 1.880977683315622206e-01
2.456000000000000227e+01 1.896918172157280313e-01
2.460000000000000142e+01 1.912858660998937310e-01
2.464000000000000057e+01 1.934112646121147749e-01
2.467999999999999972e+01 1.997874601487779067e-01
2.471999999999999886e+01 2.013815090329437174e-01
2.476000000000000156e+01 2.029755579171095281e-01
2.480000000000000071e+01 2.056323060573858053e-01
2.483999999999999986e+01 2.066950053134962717e-01
2.487999999999999901e+01 2.084494616325467398e-01
2.492000000000000171e+01 2.108805488748438650e-01
2.496000000000000085e+01 2.137543646576590683e-01
2.500000000000000000e+01 2.199787460148778795e-01
2.503999999999999915e+01 2.215727948990435792e-01
2.508000000000000185e+01 2.231668437832093899e-01
2.512000000000000099e+01 2.236981934112646231e-01
2.516000000000000014e+01 2.252922422954304338e-01
2.519999999999999929e+01 2.258235919234856670e-01
2.524000000000000199e+01 2.268862911795962445e-01
2.528000000000000114e+01 2.338882985004132609e-01
2.532000000000000028e+01 2.396386822529225080e-01
2.535999999999999943e+01 2.412327311370882077e-01
2.540000000000000213e+01 2.422954303931987852e-01
2.544000000000000128e+01 2.428267800212540184e-01
2.548000000000000043e+01 2.433581296493092516e-01
2.551999999999999957e+01 2.507970244420829609e-01
2.556000000000000227e+01 2.523910733262486605e-01
2.560000000000000142e+01 2.608926673751328362e-01
2.564000000000000057e+01 2.624867162592986469e-01
2.567999999999999972e+01 2.646121147715196908e-01
2.571999999999999886e+01 2.656748140276302683e-01
2.576000000000000156e+01 2.662061636556855015e-01
2.580000000000000071e+01 2.667375132837407348e-01
2.583999999999999986e+01 2.713425433935530151e-01
2.587999999999999901e+01 2.755258674493531457e-01
2.592000000000000171e+01 2.777427547326140056e-01
2.596000000000000085e+01 2.829386642070860214e-01
2.600000000000000000e+01 2.841216690393599809e-01
2.603999999999999915e+01 2.855864421947535980e-01
2.608000000000000185e+01 2.890541976620616405e-01
2.612000000000000099e+01 2.890541976620616405e-01
2.616000000000000014e+01 2.906482465462274511e-01
2.619999999999999929e+01 2.986184909670563936e-01
2.624000000000000199e+01 2.993269571377966676e-01
2.628000000000000114e+01 3.040894241744401816e-01
2.632000000000000028e+01 3.071200850159405693e-01
2.635999999999999943e+01 3.076514346439958025e-01
2.640000000000000213e+01 3.081827842720510358e-01
2.644000000000000128e+01 3.153180507059358817e-01
2.648000000000000043e+01 3.209351753453772993e-01
2.651999999999999957e+01 3.269128586609989506e-01
2.656000000000000227e+01 3.331562167906483296e-01
2.660000000000000142e+01 3.331562167906483296e-01
2.664000000000000057e+01 3.336875664187035628e-01
2.667999999999999972e+01 3.347502656748140293e-01
2.671999999999999886e+01 3.363443145589798400e-01
2.676000000000000156e+01 3.404751294093448788e-01
2.680000000000000071e+01 3.438144652122272493e-01
2.683999999999999986e+01 3.473555137742172505e-01
2.687999999999999901e+01 3.493075586593120674e-01
2.692000000000000171e+01 3.557385759829968519e-01
2.696000000000000085e+01 3.570669500531350460e-01
2.700000000000000000e+01 3.581296493092455124e-01
2.703999999999999915e+01 3.586609989373007457e-01
2.708000000000000185e+01 3.593394915392790212e-01
2.712000000000000099e+01 3.619940102405564408e-01
2.716000000000000014e+01 3.724084629504395005e-01
2.719999999999999929e+01 3.764045922544903000e-01
2.724000000000000199e+01 3.783209351753453742e-01
2.728000000000000114e+01 3.793836344314559517e-01
2.732000000000000028e+01 3.799149840595111849e-01
2.735999999999999943e+01 3.815090329436769956e-01
2.740000000000000213e+01 3.869577818568255001e-01
2.744000000000000128e+01 3.931987247608926817e-01
2.748000000000000043e+01 3.953241232731137256e-01
2.751999999999999957e+01 3.990435706695005802e-01
2.756000000000000227e+01 3.995749202975558134e-01
2.760000000000000142e+01 4.006376195536663909e-01
2.764000000000000057e+01 4.017003188097768573e-01
2.767999999999999972e+01 4.027630180658874348e-01
2.771999999999999886e+01 4.038257173219979013e-01
2.776000000000000156e+01 4.117959617428268437e-01
2.780000000000000071e+01 4.154982688286312786e-01
2.783999999999999986e+01 4.208289054197662526e-01
2.787999999999999901e+01 4.218916046758767191e-01
2.792000000000000171e+01 4.229543039319872966e-01
2.796000000000000085e+01 4.240170031880977630e-01
2.800000000000000000e+01 4.277364505844846176e-01
2.803999999999999915e+01 4.287991498405951951e-01
2.808000000000000185e+01 4.309245483528162390e-01
2.812000000000000099e+01 4.335812964930925162e-01
2.816000000000000014e+01 4.357066950053135601e-01
2.819999999999999929e+01 4.378320935175346040e-01
2.824000000000000199e+01 4.383634431455898373e-01
2.828000000000000114e+01 4.394261424017003037e-01
2.832000000000000028e+01 4.410201912858661144e-01
2.835999999999999943e+01 4.431455897980871583e-01
2.840000000000000213e+01 4.504689738021532275e-01
2.844000000000000128e+01 4.564293304994686551e-01
2.848000000000000043e+01 4.580233793836344658e-01
2.851999999999999957e+01 4.596174282678002765e-01
2.856000000000000227e+01 4.601487778958555097e-01
2.860000000000000142e+01 4.617428267800213204e-01
2.864000000000000057e+01 4.643995749202975976e-01
2.867999999999999972e+01 4.659936238044634083e-01
2.871999999999999886e+01 4.665249734325186415e-01
2.876000000000000156e+01 4.686503719447396854e-01
2.880000000000000071e+01 4.718384697130711958e-01
2.883999999999999986e+01 4.739638682252922397e-01
2.887999999999999901e+01 4.750265674814028172e-01
2.892000000000000171e+01 4.776833156216790943e-01
2.896000000000000085e+01 4.787460148777895608e-01
2.900000000000000000e+01 4.798087141339001382e-01
2.903999999999999915e+01 4.808714133900106047e-01
2.908000000000000185e+01 4.888416578108395472e-01
2.912000000000000099e+01 4.904357066950053579e-01
2.916000000000000014e+01 4.936238044633368682e-01
2.919999999999999929e+01 4.941551540913922125e-01
2.924000000000000199e+01 4.941551540913922125e-01
2.928000000000000114e+01 4.957492029755579122e-01
2.932000000000000028e+01 4.973432518597237229e-01
2.935999999999999943e+01 4.978746014877789561e-01
2.940000000000000213e+01 5.026567481402763882e-01
2.944000000000000128e+01 5.031880977683316214e-01
2.948000000000000043e+01 5.031880977683316214e-01
2.951999999999999957e+01 5.058448459086078985e-01
2.956000000000000227e+01 5.069075451647184760e-01
2.960000000000000142e+01 5.085015940488841757e-01
2.964000000000000057e+01 5.100956429330499864e-01
2.967999999999999972e+01 5.111583421891605639e-01
2.971999999999999886e+01 5.138150903294367300e-01
2.976000000000000156e+01 5.154091392136026517e-01
2.980000000000000071e+01 5.164718384697131182e-01
2.983999999999999986e+01 5.180658873538788178e-01
2.987999999999999901e+01 5.191285866099893953e-01
2.992000000000000171e+01 5.207226354941552060e-01
2.996000000000000085e+01 5.217853347502656725e-01
3.000000000000000000e+01 5.239107332624867164e-01
3.003999999999999915e+01 5.249734325185972938e-01
3.008000000000000185e+01 5.255047821466525271e-01
3.012000000000000099e+01 5.265674814027629935e-01
3.016000000000000014e+01 5.281615302869288042e-01
3.019999999999999929e+01 5.286928799149841485e-01
3.024000000000000199e+01 5.308182784272050814e-01
3.028000000000000114e+01 5.313496280552603146e-01
3.032000000000000028e+01 5.318809776833156588e-01
3.035999999999999943e+01 5.318809776833156588e-01
3.040000000000000213e+01 5.318809776833156588e-01
3.044000000000000128e+01 5.324123273113708921e-01
3.048000000000000043e+01 5.340063761955367028e-01
3.051999999999999957e+01 5.350690754516471692e-01
3.056000000000000227e+01 5.361317747077577467e-01
3.060000000000000142e+01 5.361317747077577467e-01
3.064000000000000057e+01 5.371944739638683242e-01
3.067999999999999972e+01 5.382571732199787906e-01
3.071999999999999886e+01 5.398512221041444903e-01
3.076000000000000156e+01 5.403825717321998345e-01
3.080000000000000071e+01 5.409139213602550678e-01
3.083999999999999986e+01 5.409139213602550678e-01
3.087999999999999901e+01 5.414452709883104120e-01
3.092000000000000171e+01 5.414452709883104120e-01
3.096000000000000085e+01 5.419766206163656452e-01
3.100000000000000000e+01 5.419766206163656452e-01
3.103999999999999915e+01 5.425079702444208785e-01
3.108000000000000185e+01 5.425079702444208785e-01
3.112000000000000099e+01 5.435706695005313449e-01
3.116000000000000014e+01 5.451647183846971556e-01
3.119999999999999929e+01 5.462274176408077331e-01
3.124000000000000199e+01 5.472901168969181995e-01
3.128000000000000114e+01 5.472901168969181995e-01
3.132000000000000028e+01 5.478214665249734328e-01
3.135999999999999943e+01 5.478214665249734328e-01
3.140000000000000213e+01 5.478214665249734328e-01
3.144000000000000128e+01 5.472901168969181995e-01
3.148000000000000043e+01 5.472901168969181995e-01
3.151999999999999957e+01 5.472901168969181995e-01
3.156000000000000227e+01 5.472901168969181995e-01
3.160000000000000142e+01 5.472901168969181995e-01
3.164000000000000057e+01 5.462274176408077331e-01
3.167999999999999972e+01 5.451647183846971556e-01
3.172000000000000242e+01 5.446333687566419224e-01
3.176000000000000156e+01 5.430393198724761117e-01
3.180000000000000071e+01 5.419766206163656452e-01
3.183999999999999986e+01 5.414452709883104120e-01
3.187999999999999901e+01 5.414452709883104120e-01
3.192000000000000171e+01 5.414452709883104120e-01
3.196000000000000085e+01 5.409139213602550678e-01
3.200000000000000000e+01 5.403825717321998345e-01
3.203999999999999915e+01 5.393198724760892571e-01
3.207999999999999829e+01 5.377258235919235574e-01
3.211999999999999744e+01 5.377258235919235574e-01
3.216000000000000369e+01 5.366631243358129799e-01
3.220000000000000284e+01 5.356004250797024024e-01
3.224000000000000199e+01 5.350690754516471692e-01
3.228000000000000114e+01 5.340063761955367028e-01
3.232000000000000028e+01 5.329436769394262363e-01
3.235999999999999943e+01 5.324123273113708921e-01
3.239999999999999858e+01 5.308182784272050814e-01
3.243999999999999773e+01 5.292242295430393817e-01
3.248000000000000398e+01 5.286928799149841485e-01
3.252000000000000313e+01 5.270988310308182268e-01
3.256000000000000227e+01 5.265674814027629935e-01
3.260000000000000142e+01 5.265674814027629935e-01
3.264000000000000057e+01 5.255047821466525271e-01
3.267999999999999972e+01 5.249734325185972938e-01
3.271999999999999886e+01 5.244420828905420606e-01
3.275999999999999801e+01 5.228480340063762499e-01
3.279999999999999716e+01 5.223166843783209057e-01
3.284000000000000341e+01 5.212539851222104392e-01
3.288000000000000256e+01 5.207226354941552060e-01
3.292000000000000171e+01 5.196599362380447396e-01
3.296000000000000085e+01 5.191285866099893953e-01
3.300000000000000000e+01 5.170031880977683514e-01
3.303999999999999915e+01 5.159404888416578849e-01
3.307999999999999829e+01 5.154091392136026517e-01
3.311999999999999744e+01 5.138150903294367300e-01
3.316000000000000369e+01 5.132837407013814968e-01
3.320000000000000284e+01 5.106269925611052196e-01
3.324000000000000199e+01 5.095642933049946421e-01
3.328000000000000114e+01 5.085015940488841757e-01
3.332000000000000028e+01 5.079702444208289425e-01
3.335999999999999943e+01 5.069075451647184760e-01
3.339999999999999858e+01 5.053134962805525543e-01
3.343999999999999773e+01 5.031880977683316214e-01
3.348000000000000398e+01 5.005313496280552332e-01
3.352000000000000313e+01 5.005313496280552332e-01
3.356000000000000227e+01 4.989373007438895335e-01
3.360000000000000142e+01 4.978746014877789561e-01
3.364000000000000057e+01 4.968119022316684896e-01
3.367999999999999972e+01 4.957492029755579122e-01
3.371999999999999886e+01 4.899043570669501246e-01
3.375999999999999801e+01 4.883103081827843139e-01
3.379999999999999716e+01 4.861849096705632700e-01
3.384000000000000341e+01 4.851222104144526925e-01
3.388000000000000256e+01 4.840595111583422261e-01
3.392000000000000171e+01 4.824654622741764154e-01
3.396000000000000085e+01 4.808714133900106047e-01
3.400000000000000000e+01 4.803400637619553715e-01
3.403999999999999915e+01 4.782146652497343275e-01
3.407999999999999829e+01 4.766206163655686279e-01
3.411999999999999744e+01 4.750265674814028172e-01
3.416000000000000369e+01 4.723698193411265400e-01
3.420000000000000284e+01 4.718384697130711958e-01
3.424000000000000199e+01 4.713071200850159626e-01
3.428000000000000114e+01 4.681190223166844522e-01
3.432000000000000028e+01 4.643995749202975976e-01
3.435999999999999943e+01 4.622741764080765536e-01
3.439999999999999858e+01 4.601487778958555097e-01
3.443999999999999773e+01 4.585547290116896990e-01
3.448000000000000398e+01 4.574920297555792326e-01
3.452000000000000313e+01 4.564293304994686551e-01
3.456000000000000227e+01 4.543039319872476112e-01
3.460000000000000142e+01 4.532412327311371447e-01
3.464000000000000057e+01 4.501396337394657499e-01
3.467999999999999972e+01 4.458023379383634355e-01
3.471999999999999886e+01 4.442082890541977358e-01
3.475999999999999801e+01 4.436769394261423916e-01
3.480000000000000426e+01 4.410201912858661144e-01
3.484000000000000341e+01 4.388947927736450705e-01
3.488000000000000256e+01 4.373007438894792598e-01
3.492000000000000171e+01 4.373007438894792598e-01
3.496000000000000085e+01 4.362380446333687933e-01
3.500000000000000000e+01 4.357066950053135601e-01
3.503999999999999915e+01 4.330499468650372830e-01
3.507999999999999829e+01 4.277364505844846176e-01
3.511999999999999744e+01 4.245483528161531073e-01
3.516000000000000369e+01 4.240170031880977630e-01
3.520000000000000284e+01 4.234856535600425298e-01
3.524000000000000199e+01 4.202975557917110194e-01
3.528000000000000114e+01 4.149840595111583541e-01
3.532000000000000028e+01 4.128586609989373102e-01
3.535999999999999943e+01 4.096705632306057998e-01
3.539999999999999858e+01 4.086078639744952223e-01
3.543999999999999773e+01 4.075451647183847559e-01
3.548000000000000398e+01 4.064824654622741784e-01
3.552000000000000313e+01 4.054197662061637120e-01
3.556000000000000227e+01 4.038257173219979013e-01
3.560000000000000142e+01 3.985122210414453470e-01
3.564000000000000057e+01 3.969181721572795363e-01
3.567999999999999972e+01 3.931987247608926817e-01
3.571999999999999886e+01 3.905419766206164045e-01
3.575999999999999801e+01 3.894792773645058270e-01
3.580000000000000426e+01 3.884165781083953606e-01
3.584000000000000341e+01 3.868225292242295499e-01
3.588000000000000256e+01 3.837570506008338711e-01
3.592000000000000171e+01 3.807021686936671312e-01
3.596000000000000085e+01 3.761955366631243303e-01
3.600000000000000000e+01 3.746014877789586306e-01
3.603999999999999915e+01 3.724760892667375867e-01
3.607999999999999829e+01 3.719447396386822424e-01
3.611999999999999744e+01 3.708820403825717760e-01
3.616000000000000369e+01 3.698193411264611985e-01
3.620000000000000284e+01 3.650371944739638774e-01
3.624000000000000199e+01 3.634431455897981778e-01
3.628000000000000114e+01 3.607863974495217896e-01
3.632000000000000028e+01 3.591923485653560899e-01
3.635999999999999943e+01 3.575982996811902792e-01
3.639999999999999858e+01 3.570669500531350460e-01
3.643999999999999773e+01 3.544102019128586578e-01
3.648000000000000398e+01 3.512221041445271474e-01
3.652000000000000313e+01 3.448459086078640157e-01
3.656000000000000227e+01 3.427205100956429717e-01
3.660000000000000142e+01 3.411264612114771611e-01
3.664000000000000057e+01 3.405951115834219278e-01
3.667999999999999972e+01 3.390010626992561171e-01
3.671999999999999886e+01 3.374070138150904175e-01
3.675999999999999801e+01 3.363443145589798400e-01
3.680000000000000426e+01 3.351044987601843328e-01
3.684000000000000341e+01 3.328374070138151453e-01
3.688000000000000256e+01 3.294367693942614750e-01
3.692000000000000171e+01 3.246546227417641539e-01
3.696000000000000085e+01 3.230605738575983432e-01
3.700000000000000000e+01 3.214665249734325325e-01
3.703999999999999915e+01 3.198724760892668328e-01
3.707999999999999829e+01 3.193411264612114886e-01
3.711999999999999744e+01 3.193411264612114886e-01
3.716000000000000369e+01 3.145589798087141675e-01
3.720000000000000284e+01 3.134962805526037011e-01
3.724000000000000199e+01 3.087141339001062690e-01
3.728000000000000114e+01 3.049946865037195254e-01
3.732000000000000028e+01 3.039319872476089479e-01
3.735999999999999943e+01 3.028692879914984815e-01
3.739999999999999858e+01 3.012752391073326708e-01
3.743999999999999773e+01 2.991498405951116268e-01
3.748000000000000398e+01 2.970244420828905829e-01
3.752000000000000313e+01 2.922422954303932618e-01
3.756000000000000227e+01 2.906482465462274511e-01
3.760000000000000142e+01 2.895855472901169847e-01
3.764000000000000057e+01 2.874601487778959408e-01
3.767999999999999972e+01 2.863974495217853633e-01
3.771999999999999886e+01 2.848034006376195526e-01
3.775999999999999801e+01 2.832093517534538529e-01
3.780000000000000426e+01 2.816153028692880422e-01
3.784000000000000341e+01 2.768331562167907212e-01
3.788000000000000256e+01 2.747077577045696772e-01
3.792000000000000171e+01 2.736450584484590998e-01
3.796000000000000085e+01 2.725823591923486333e-01
3.800000000000000000e+01 2.720510095642934001e-01
3.803999999999999915e+01 2.709883103081828226e-01
3.807999999999999829e+01 2.667375132837407348e-01
3.811999999999999744e+01 2.646121147715196908e-01
3.816000000000000369e+01 2.624867162592986469e-01
3.820000000000000284e+01 2.592986184909671366e-01
3.824000000000000199e+01 2.571732199787460926e-01
3.828000000000000114e+01 2.566418703506907484e-01
3.832000000000000028e+01 2.561105207226355152e-01
3.835999999999999943e+01 2.529224229543040048e-01
3.839999999999999858e+01 2.507970244420829609e-01
3.843999999999999773e+01 2.481402763018066837e-01
3.848000000000000398e+01 2.470775770456961062e-01
3.852000000000000313e+01 2.460148777895856398e-01
3.856000000000000227e+01 2.444208289054198291e-01
3.860000000000000142e+01 2.417640807651435519e-01
3.864000000000000057e+01 2.407013815090329745e-01
3.867999999999999972e+01 2.380446333687566973e-01
3.871999999999999886e+01 2.364505844845908866e-01
3.875999999999999801e+01 2.348565356004250759e-01
3.880000000000000426e+01 2.332624867162593763e-01
3.884000000000000341e+01 2.290116896918172884e-01
3.888000000000000256e+01 2.263549415515410113e-01
3.892000000000000171e+01 2.236981934112646231e-01
3.896000000000000085e+01 2.231668437832093899e-01
3.900000000000000000e+01 2.221041445270989234e-01
3.903999999999999915e+01 2.210414452709883459e-01
3.907999999999999829e+01 2.194473963868225352e-01
3.911999999999999744e+01 2.173219978746014913e-01
3.916000000000000369e+01 2.157279489904357916e-01
3.920000000000000284e+01 2.151965993623804474e-01
3.924000000000000199e+01 2.146652497343252142e-01
3.928000000000000114e+01 2.120085015940489370e-01
3.932000000000000028e+01 2.104144527098831263e-01
3.935999999999999943e+01 2.082890541976620824e-01
3.939999999999999858e+01 2.045696068012753388e-01
3.943999999999999773e+01 2.040382571732199946e-01
3.948000000000000398e+01 2.024442082890542949e-01
3.952000000000000313e+01 2.008501594048884842e-01
3.956000000000000227e+01 1.997874601487779067e-01
3.960000000000000142e+01 1.987247608926674403e-01
3.964000000000000057e+01 1.965993623804463963e-01
3.967999999999999972e+01 1.960680127523911631e-01
3.971999999999999886e+01 1.944739638682253524e-01
3.975999999999999801e+01 1.928799149840595417e-01
3.980000000000000426e+01 1.907545164718384978e-01
3.984000000000000341e+01 1.886291179596174539e-01
3.988000000000000256e+01 1.880977683315622206e-01
3.992000000000000171e+01 1.870350690754516432e-01
3.996000000000000085e+01 1.870350690754516432e-01
4.000000000000000000e+01 1.838469713071201328e-01
4.003999999999999915e+01 1.827842720510096663e-01
4.007999999999999829e+01 1.806588735387886224e-01
4.011999999999999744e+01 1.801275239107332782e-01
4.016000000000000369e+01 1.795961742826780450e-01
4.020000000000000284e+01 1.785334750265675785e-01
4.024000000000000199e+01 1.758767268862911903e-01
4.028000000000000114e+01 1.737513283740701464e-01
4.032000000000000028e+01 1.721572794899044467e-01
4.035999999999999943e+01 1.710945802337938693e-01
4.039999999999999858e+01 1.700318809776834028e-01
4.043999999999999773e+01 1.695005313496280586e-01
4.048000000000000398e+01 1.689691817215728253e-01
4.052000000000000313e+01 1.668437832093517814e-01
4.056000000000000227e+01 1.663124335812965482e-01
4.060000000000000142e+01 1.652497343251859707e-01
4.064000000000000057e+01 1.647183846971307375e-01
4.067999999999999972e+01 1.641870350690755043e-01
4.071999999999999886e+01 1.631243358129649268e-01
4.075999999999999801e+01 1.604675876726886496e-01
4.080000000000000426e+01 1.604675876726886496e-01
4.084000000000000341e+01 1.594048884165781832e-01
4.088000000000000256e+01 1.588735387885229500e-01
4.092000000000000171e+01 1.578108395324123725e-01
4.096000000000000085e+01 1.572794899043571393e-01
4.100000000000000000e+01 1.556854410201913286e-01
4.103999999999999915e+01 1.540913921360255179e-01
4.107999999999999829e+01 1.530286928799150514e-01
4.111999999999999744e+01 1.530286928799150514e-01
4.116000000000000369e+01 1.530286928799150514e-01
4.120000000000000284e+01 1.519659936238044740e-01
4.124000000000000199e+01 1.503719447396387743e-01
4.128000000000000114e+01 1.493092454835281968e-01
4.132000000000000028e+01 1.477151965993623861e-01
4.135999999999999943e+01 1.471838469713071529e-01
4.139999999999999858e+01 1.466524973432519197e-01
4.143999999999999773e+01 1.461211477151966864e-01
4.148000000000000398e+01 1.450584484590861090e-01
4.152000000000000313e+01 1.439957492029756425e-01
4.156000000000000227e+01 1.434643995749202983e-01
4.160000000000000142e+01 1.429330499468650650e-01
4.164000000000000057e+01 1.418703506907545986e-01
4.167999999999999972e+01 1.413390010626992543e-01
4.171999999999999886e+01 1.408076514346440211e-01
4.175999999999999801e+01 1.402763018065887879e-01
4.180000000000000426e+01 1.397449521785335547e-01
4.184000000000000341e+01 1.392136025504782104e-01
4.188000000000000256e+01 1.381509032943677440e-01
4.192000000000000171e+01 1.376195536663125107e-01
4.196000000000000085e+01 1.365568544102019333e-01
4.200000000000000000e+01 1.360255047821467000e-01
4.203999999999999915e+01 1.354941551540914668e-01
4.207999999999999829e+01 1.344314558979808893e-01
4.211999999999999744e+01 1.339001062699256561e-01
4.216000000000000369e+01 1.328374070138151897e-01
4.220000000000000284e+01 1.317747077577046122e-01
4.224000000000000199e+01 1.312433581296493790e-01
4.228000000000000114e+01 1.312433581296493790e-01
4.232000000000000028e+01 1.307120085015941457e-01
4.235999999999999943e+01 1.301806588735388015e-01
4.239999999999999858e+01 1.301806588735388015e-01
4.243999999999999773e+01 1.301806588735388015e-01
4.248000000000000398e+01 1.291179596174283351e-01
4.252000000000000313e+01 1.280552603613177576e-01
4.256000000000000227e+01 1.280552603613177576e-01
4.260000000000000142e+01 1.269925611052072911e-01
4.264000000000000057e+01 1.259298618490967137e-01
4.267999999999999972e+01 1.259298618490967137e-01
4.271999999999999886e+01 1.248671625929862472e-01
4.275999999999999801e+01 1.248671625929862472e-01
4.280000000000000426e+01 1.248671625929862472e-01
4.284000000000000341e+01 1.243358129649310140e-01
4.288000000000000256e+01 1.243358129649310140e-01
4.292000000000000171e+01 1.238044633368756697e-01
4.296000000000000085e+01 1.238044633368756697e-01
4.300000000000000000e+01 1.238044633368756697e-01
4.303999999999999915e+01 1.232731137088204365e-01
4.307999999999999829e+01 1.232731137088204365e-01
4.311999999999999744e+01 1.227417640807652033e-01
4.316000000000000369e+01 1.216790648246546258e-01
4.320000000000000284e+01 1.211477151965993926e-01
4.324000000000000199e+01 1.206163655685441594e-01
4.328000000000000114e+01 1.200850159404889261e-01
4.332000000000000028e+01 1.195536663124335819e-01
4.335999999999999943e+01 1.195536663124335819e-01
4.339999999999999858e+01 1.195536663124335819e-01
4.343999999999999773e+01 1.190223166843783487e-01
4.348000000000000398e+01 1.190223166843783487e-01
4.352000000000000313e+01 1.190223166843783487e-01
4.356000000000000227e+01 1.190223166843783487e-01
4.360000000000000142e+01 1.190223166843783487e-01
4.364000000000000057e+01 1.190223166843783487e-01
4.367999999999999972e+01 1.190223166843783487e-01
4.371999999999999886e+01 1.190223166843783487e-01
4.375999999999999801e+01 1.190223166843783487e-01
4.380000000000000426e+01 1.184909670563231154e-01
4.384000000000000341e+01 1.184909670563231154e-01
4.388000000000000256e+01 1.184909670563231154e-01
4.392000000000000171e+01 1.184909670563231154e-01
4.396000000000000085e+01 1.184909670563231154e-01
4.400000000000000000e+01 1.179596174282678822e-01
4.403999999999999915e+01 1.179596174282678822e-01
4.407999999999999829e+01 1.174282678002125380e-01
4.411999999999999744e+01 1.174282678002125380e-01
4.416000000000000369e+01 1.168969181721573047e-01
4.420000000000000284e+01 1.168969181721573047e-01
4.424000000000000199e+01 1.168969181721573047e-01
4.428000000000000114e+01 1.163655685441020715e-01
4.432000000000000028e+01 1.158342189160468383e-01
4.435999999999999943e+01 1.158342189160468383e-01
4.439999999999999858e+01 1.153028692879916051e-01
4.443999999999999773e+01 1.153028692879916051e-01
4.448000000000000398e+01 1.153028692879916051e-01
4.452000000000000313e+01 1.153028692879916051e-01
4.456000000000000227e+01 1.153028692879916051e-01
4.460000000000000142e+01 1.153028692879916051e-01
4.464000000000000057e+01 1.153028692879916051e-01
4.467999999999999972e+01 1.153028692879916051e-01
4.471999999999999886e+01 1.158342189160468383e-01
4.475999999999999801e+01 1.158342189160468383e-01
4.480000000000000426e+01 1.168969181721573047e-01
4.484000000000000341e+01 1.168969181721573047e-01
4.488000000000000256e+01 1.174282678002125380e-01
4.492000000000000171e+01 1.174282678002125380e-01
4.496000000000000085e+01 1.174282678002125380e-01
4.500000000000000000e+01 1.179596174282678822e-01
4.503999999999999915e+01 1.179596174282678822e-01
4.507999999999999829e+01 1.179596174282678822e-01
4.511999999999999744e+01 1.184909670563231154e-01
4.516000000000000369e+01 1.184909670563231154e-01
4.520000000000000284e+01 1.184909670563231154e-01
4.524000000000000199e+01 1.184909670563231154e-01
4.528000000000000114e+01 1.184909670563231154e-01
4.532000000000000028e+01 1.184909670563231154e-01
4.535999999999999943e+01 1.184909670563231154e-01
4.539999999999999858e+01 1.190223166843783487e-01
4.543999999999999773e+01 1.190223166843783487e-01
4.548000000000000398e+01 1.190223166843783487e-01
4.552000000000000313e+01 1.190223166843783487e-01
4.556000000000000227e+01 1.190223166843783487e-01
4.560000000000000142e+01 1.190223166843783487e-01
4.564000000000000057e+01 1.195536663124335819e-01
4.567999999999999972e+01 1.195536663124335819e-01
4.571999999999999886e+01 1.206163655685441594e-01
4.575999999999999801e+01 1.216790648246546258e-01
4.580000000000000426e+01 1.222104144527099701e-01
4.584000000000000341e+01 1.227417640807652033e-01
4.588000000000000256e+01 1.227417640807652033e-01
4.592000000000000171e+01 1.232731137088204365e-01
4.596000000000000085e+01 1.232731137088204365e-01
4.600000000000000000e+01 1.243358129649310140e-01
4.603999999999999915e+01 1.243358129649310140e-01
4.607999999999999829e+01 1.243358129649310140e-01
4.611999999999999744e+01 1.243358129649310140e-01
4.616000000000000369e+01 1.243358129649310140e-01
4.620000000000000284e+01 1.243358129649310140e-01
4.624000000000000199e+01 1.243358129649310140e-01
4.628000000000000114e+01 1.243358129649310140e-01
4.632000000000000028e+01 1.243358129649310140e-01
4.635999999999999943e+01 1.248671625929862472e-01
4.639999999999999858e+01 1.248671625929862472e-01
4.643999999999999773e+01 1.253985122210414804e-01
4.648000000000000398e+01 1.259298618490967137e-01
4.652000000000000313e+01 1.269925611052072911e-01
4.656000000000000227e+01 1.280552603613177576e-01
4.660000000000000142e+01 1.285866099893731018e-01
4.664000000000000057e+01 1.296493092454835683e-01
4.667999999999999972e+01 1.296493092454835683e-01
4.671999999999999886e+01 1.301806588735388015e-01
4.675999999999999801e+01 1.307120085015941457e-01
4.680000000000000426e+01 1.307120085015941457e-01
4.684000000000000341e+01 1.312433581296493790e-01
4.688000000000000256e+01 1.312433581296493790e-01
4.692000000000000171e+01 1.317747077577046122e-01
4.696000000000000085e+01 1.317747077577046122e-01
4.700000000000000000e+01 1.323060573857598454e-01
4.703999999999999915e+01 1.339001062699256561e-01
4.707999999999999829e+01 1.349628055260362336e-01
4.711999999999999744e+01 1.360255047821467000e-01
4.716000000000000369e+01 1.365568544102019333e-01
4.720000000000000284e+01 1.365568544102019333e-01
4.724000000000000199e+01 1.370882040382572775e-01
4.728000000000000114e+01 1.376195536663125107e-01
4.732000000000000028e+01 1.376195536663125107e-01
4.735999999999999943e+01 1.376195536663125107e-01
4.739999999999999858e+01 1.381509032943677440e-01
4.743999999999999773e+01 1.386822529224229772e-01
4.748000000000000398e+01 1.397449521785335547e-01
4.752000000000000313e+01 1.402763018065887879e-01
4.756000000000000227e+01 1.408076514346440211e-01
4.760000000000000142e+01 1.418703506907545986e-01
4.764000000000000057e+01 1.434643995749202983e-01
4.767999999999999972e+01 1.434643995749202983e-01
4.771999999999999886e+01 1.439957492029756425e-01
4.775999999999999801e+01 1.439957492029756425e-01
4.780000000000000426e+01 1.439957492029756425e-01
4.784000000000000341e+01 1.445270988310308757e-01
4.788000000000000256e+01 1.455897980871413422e-01
4.792000000000000171e+01 1.487778958554729636e-01
4.796000000000000085e+01 1.487778958554729636e-01
4.800000000000000000e+01 1.493092454835281968e-01
4.803999999999999915e+01 1.498405951115834300e-01
4.807999999999999829e+01 1.498405951115834300e-01
4.812000000000000455e+01 1.503719447396387743e-01
4.816000000000000369e+01 1.509032943676940075e-01
4.820000000000000284e+01 1.514346439957492407e-01
4.824000000000000199e+01 1.514346439957492407e-01
4.828000000000000114e+01 1.519659936238044740e-01
4.832000000000000028e+01 1.530286928799150514e-01
4.835999999999999943e+01 1.546227417640808621e-01
4.839999999999999858e+01 1.551540913921360954e-01
4.843999999999999773e+01 1.562167906482465618e-01
4.848000000000000398e+01 1.567481402763019060e-01
4.852000000000000313e+01 1.567481402763019060e-01
4.856000000000000227e+01 1.567481402763019060e-01
4.860000000000000142e+01 1.567481402763019060e-01
4.864000000000000057e+01 1.572794899043571393e-01
4.867999999999999972e+01 1.572794899043571393e-01
4.871999999999999886e+01 1.583421891604676057e-01
4.875999999999999801e+01 1.583421891604676057e-01
4.880000000000000426e+01 1.599362380446334164e-01
4.884000000000000341e+01 1.604675876726886496e-01
4.888000000000000256e+01 1.615302869287992271e-01
4.892000000000000171e+01 1.625929861849096936e-01
4.896000000000000085e+01 1.625929861849096936e-01
4.900000000000000000e+01 1.625929861849096936e-01
4.903999999999999915e+01 1.631243358129649268e-01
4.907999999999999829e+01 1.631243358129649268e-01
4.912000000000000455e+01 1.636556854410202710e-01
4.916000000000000369e+01 1.647183846971307375e-01
4.920000000000000284e+01 1.657810839532413150e-01
4.924000000000000199e+01 1.657810839532413150e-01
4.928000000000000114e+01 1.663124335812965482e-01
4.932000000000000028e+01 1.673751328374070146e-01
4.935999999999999943e+01 1.679064824654623589e-01
4.939999999999999858e+01 1.689691817215728253e-01
4.943999999999999773e+01 1.689691817215728253e-01
4.948000000000000398e+01 1.695005313496280586e-01
4.952000000000000313e+01 1.705632306057386360e-01
4.956000000000000227e+01 1.716259298618491025e-01
4.960000000000000142e+01 1.721572794899044467e-01
4.964000000000000057e+01 1.726886291179596800e-01
4.967999999999999972e+01 1.726886291179596800e-01
4.971999999999999886e+01 1.732199787460149132e-01
4.975999999999999801e+01 1.742826780021254907e-01
4.980000000000000426e+01 1.748140276301807239e-01
4.984000000000000341e+01 1.753453772582359571e-01
4.988000000000000256e+01 1.758767268862911903e-01
4.992000000000000171e+01 1.764080765143465346e-01
4.996000000000000085e+01 1.769394261424017678e-01
5.000000000000000000e+01 1.780021253985122343e-01
5.003999999999999915e+01 1.790648246546228117e-01
5.007999999999999829e+01 1.801275239107332782e-01
5.012000000000000455e+01 1.801275239107332782e-01
5.016000000000000369e+01 1.806588735387886224e-01
5.020000000000000284e+01 1.811902231668438557e-01
5.024000000000000199e+01 1.811902231668438557e-01
5.028000000000000114e+01 1.817215727948990889e-01
5.032000000000000028e+01 1.822529224229543221e-01
5.035999999999999943e+01 1.833156216790648996e-01
5.039999999999999858e+01 1.843783209351753660e-01
5.043999999999999773e+01 1.849096705632305992e-01
5.048000000000000398e+01 1.859723698193411767e-01
5.052000000000000313e+01 1.865037194473964099e-01
5.056000000000000227e+01 1.865037194473964099e-01
5.060000000000000142e+01 1.870350690754516432e-01
5.064000000000000057e+01 1.870350690754516432e-01
5.067999999999999972e+01 1.875664187035069874e-01
5.071999999999999886e+01 1.875664187035069874e-01
5.075999999999999801e+01 1.875664187035069874e-01
5.080000000000000426e+01 1.886291179596174539e-01
5.084000000000000341e+01 1.896918172157280313e-01
5.088000000000000256e+01 1.912858660998937310e-01
5.092000000000000171e+01 1.923485653560043085e-01
5.096000000000000085e+01 1.928799149840595417e-01
5.100000000000000000e+01 1.928799149840595417e-01
5.103999999999999915e+01 1.934112646121147749e-01
5.107999999999999829e+01 1.939426142401701192e-01
5.112000000000000455e+01 1.939426142401701192e-01
5.116000000000000369e+01 1.939426142401701192e-01
5.120000000000000284e+01 1.944739638682253524e-01
5.124000000000000199e+01 1.944739638682253524e-01
5.128000000000000114e+01 1.950053134962805856e-01
5.132000000000000028e+01 1.955366631243358189e-01
5.135999999999999943e+01 1.965993623804463963e-01
5.139999999999999858e+01 1.971307120085016296e-01
5.143999999999999773e+01 1.976620616365568628e-01
5.148000000000000398e+01 1.981934112646122070e-01
5.152000000000000313e+01 1.987247608926674403e-01
5.156000000000000227e+01 1.997874601487779067e-01
5.160000000000000142e+01 2.003188097768332510e-01
5.164000000000000057e+01 2.003188097768332510e-01
5.167999999999999972e+01 2.008501594048884842e-01
5.171999999999999886e+01 2.008501594048884842e-01
5.175999999999999801e+01 2.008501594048884842e-01
5.180000000000000426e+01 2.008501594048884842e-01
5.184000000000000341e+01 2.008501594048884842e-01
5.188000000000000256e+01 2.008501594048884842e-01
5.192000000000000171e+01 2.008501594048884842e-01
5.196000000000000085e+01 2.013815090329437174e-01
5.200000000000000000e+01 2.024442082890542949e-01
5.203999999999999915e+01 2.029755579171095281e-01
5.207999999999999829e+01 2.035069075451647613e-01
5.212000000000000455e+01 2.035069075451647613e-01
5.216000000000000369e+01 2.040382571732199946e-01
5.220000000000000284e+01 2.040382571732199946e-01
5.224000000000000199e+01 2.040382571732199946e-01
5.228000000000000114e+01 2.045696068012753388e-01
5.232000000000000028e+01 2.051009564293305720e-01
5.235999999999999943e+01 2.051009564293305720e-01
5.239999999999999858e+01 2.051009564293305720e-01
5.243999999999999773e+01 2.056323060573858053e-01
5.248000000000000398e+01 2.056323060573858053e-01
5.252000000000000313e+01 2.061636556854410385e-01
5.256000000000000227e+01 2.061636556854410385e-01
5.260000000000000142e+01 2.061636556854410385e-01
5.264000000000000057e+01 2.061636556854410385e-01
5.267999999999999972e+01 2.066950053134962717e-01
5.271999999999999886e+01 2.066950053134962717e-01
5.275999999999999801e+01 2.072263549415516160e-01
5.280000000000000426e+01 2.066950053134962717e-01
5.284000000000000341e+01 2.066950053134962717e-01
5.288000000000000256e+01 2.066950053134962717e-01
5.292000000000000171e+01 2.066950053134962717e-01
5.296000000000000085e+01 2.066950053134962717e-01
5.300000000000000000e+01 2.066950053134962717e-01
5.303999999999999915e+01 2.066950053134962717e-01
5.307999999999999829e+01 2.066950053134962717e-01
5.312000000000000455e+01 2.066950053134962717e-01
5.316000000000000369e+01 2.066950053134962717e-01
5.320000000000000284e+01 2.066950053134962717e-01
5.324000000000000199e+01 2.066950053134962717e-01
5.328000000000000114e+01 2.066950053134962717e-01
5.332000000000000028e+01 2.066950053134962717e-01
5.335999999999999943e+01 2.066950053134962717e-01
5.339999999999999858e+01 2.066950053134962717e-01
5.343999999999999773e+01 2.066950053134962717e-01
5.348000000000000398e+01 2.066950053134962717e-01
5.352000000000000313e+01 2.066950053134962717e-01
5.356000000000000227e+01 2.066950053134962717e-01
5.360000000000000142e+01 2.066950053134962717e-01
5.364000000000000057e+01 2.061636556854410385e-01
5.367999999999999972e+01 2.061636556854410385e-01
5.371999999999999886e+01 2.061636556854410385e-01
5.375999999999999801e+01 2.061636556854410385e-01
5.380000000000000426e+01 2.056323060573858053e-01
5.384000000000000341e+01 2.056323060573858053e-01
5.388000000000000256e+01 2.051009564293305720e-01
5.392000000000000171e+01 2.051009564293305720e-01
5.396000000000000085e+01 2.045696068012753388e-01
5.400000000000000000e+01 2.040382571732199946e-01
5.403999999999999915e+01 2.040382571732199946e-01
5.407999999999999829e+01 2.040382571732199946e-01
5.412000000000000455e+01 2.040382571732199946e-01
5.416000000000000369e+01 2.040382571732199946e-01
5.420000000000000284e+01 2.035069075451647613e-01
5.424000000000000199e+01 2.029755579171095281e-01
5.428000000000000114e+01 2.029755579171095281e-01
5.432000000000000028e+01 2.019128586609989506e-01
5.435999999999999943e+01 2.008501594048884842e-01
5.439999999999999858e+01 2.008501594048884842e-01
5.443999999999999773e+01 2.008501594048884842e-01
5.448000000000000398e+01 2.008501594048884842e-01
5.452000000000000313e+01 2.008501594048884842e-01
5.456000000000000227e+01 2.008501594048884842e-01
5.460000000000000142e+01 2.008501594048884842e-01
5.464000000000000057e+01 2.008501594048884842e-01
5.467999999999999972e+01 2.008501594048884842e-01
5.471999999999999886e+01 2.008501594048884842e-01
5.475999999999999801e+01 2.008501594048884842e-01
5.480000000000000426e+01 2.008501594048884842e-01
5.484000000000000341e+01 2.003188097768332510e-01
5.488000000000000256e+01 2.003188097768332510e-01
5.492000000000000171e+01 2.003188097768332510e-01
5.496000000000000085e+01 2.003188097768332510e-01
5.500000000000000000e+01 2.003188097768332510e-01
5.503999999999999915e+01 2.003188097768332510e-01
5.507999999999999829e+01 1.997874601487779067e-01
5.512000000000000455e+01 1.997874601487779067e-01
5.516000000000000369e+01 1.997874601487779067e-01
5.520000000000000284e+01 1.987247608926674403e-01
5.524000000000000199e+01 1.981934112646122070e-01
5.528000000000000114e+01 1.971307120085016296e-01
5.532000000000000028e+01 1.960680127523911631e-01
5.535999999999999943e+01 1.950053134962805856e-01
5.539999999999999858e+01 1.944739638682253524e-01
5.543999999999999773e+01 1.939426142401701192e-01
5.548000000000000398e+01 1.939426142401701192e-01
5.552000000000000313e+01 1.939426142401701192e-01
5.556000000000000227e+01 1.939426142401701192e-01
5.560000000000000142e+01 1.939426142401701192e-01
5.564000000000000057e+01 1.934112646121147749e-01
5.567999999999999972e+01 1.928799149840595417e-01
5.571999999999999886e+01 1.918172157279490753e-01
5.575999999999999801e+01 1.896918172157280313e-01
5.580000000000000426e+01 1.880977683315622206e-01
5.584000000000000341e+01 1.880977683315622206e-01
5.588000000000000256e+01 1.880977683315622206e-01
5.592000000000000171e+01 1.880977683315622206e-01
5.596000000000000085e+01 1.880977683315622206e-01
5.600000000000000000e+01 1.870350690754516432e-01
5.603999999999999915e+01 1.870350690754516432e-01
5.607999999999999829e+01 1.870350690754516432e-01
5.612000000000000455e+01 1.870350690754516432e-01
5.616000000000000369e+01 1.870350690754516432e-01
5.620000000000000284e+01 1.870350690754516432e-01
5.624000000000000199e+01 1.870350690754516432e-01
5.628000000000000114e+01 1.870350690754516432e-01
5.632000000000000028e+01 1.859723698193411767e-01
5.635999999999999943e+01 1.849096705632305992e-01
5.639999999999999858e+01 1.838469713071201328e-01
5.643999999999999773e+01 1.833156216790648996e-01
5.648000000000000398e+01 1.822529224229543221e-01
5.652000000000000313e+01 1.817215727948990889e-01
5.656000000000000227e+01 1.811902231668438557e-01
5.660000000000000142e+01 1.806588735387886224e-01
5.664000000000000057e+01 1.806588735387886224e-01
5.667999999999999972e+01 1.806588735387886224e-01
5.671999999999999886e+01 1.806588735387886224e-01
5.675999999999999801e+01 1.801275239107332782e-01
5.680000000000000426e+01 1.790648246546228117e-01
5.684000000000000341e+01 1.785334750265675785e-01
5.688000000000000256e+01 1.774707757704570010e-01
5.692000000000000171e+01 1.764080765143465346e-01
5.696000000000000085e+01 1.758767268862911903e-01
5.700000000000000000e+01 1.753453772582359571e-01
5.703999999999999915e+01 1.748140276301807239e-01
5.707999999999999829e+01 1.742826780021254907e-01
5.712000000000000455e+01 1.742826780021254907e-01
5.716000000000000369e+01 1.742826780021254907e-01
5.720000000000000284e+01 1.737513283740701464e-01
5.724000000000000199e+01 1.732199787460149132e-01
5.728000000000000114e+01 1.732199787460149132e-01
5.732000000000000028e+01 1.721572794899044467e-01
5.735999999999999943e+01 1.705632306057386360e-01
5.739999999999999858e+01 1.700318809776834028e-01
5.743999999999999773e+01 1.695005313496280586e-01
5.748000000000000398e+01 1.689691817215728253e-01
5.752000000000000313e+01 1.689691817215728253e-01
5.756000000000000227e+01 1.689691817215728253e-01
5.760000000000000142e+01 1.679064824654623589e-01
5.764000000000000057e+01 1.673751328374070146e-01
5.767999999999999972e+01 1.668437832093517814e-01
5.771999999999999886e+01 1.652497343251859707e-01
5.775999999999999801e+01 1.652497343251859707e-01
5.780000000000000426e+01 1.647183846971307375e-01
5.784000000000000341e+01 1.636556854410202710e-01
5.788000000000000256e+01 1.631243358129649268e-01
5.792000000000000171e+01 1.625929861849096936e-01
5.796000000000000085e+01 1.609989373007439939e-01
5.800000000000000000e+01 1.599362380446334164e-01
5.803999999999999915e+01 1.594048884165781832e-01
5.807999999999999829e+01 1.588735387885229500e-01
5.812000000000000455e+01 1.578108395324123725e-01
5.816000000000000369e+01 1.567481402763019060e-01
5.820000000000000284e+01 1.567481402763019060e-01
5.824000000000000199e+01 1.567481402763019060e-01
5.828000000000000114e+01 1.562167906482465618e-01
5.832000000000000028e+01 1.562167906482465618e-01
5.835999999999999943e+01 1.562167906482465618e-01
5.839999999999999858e+01 1.556854410201913286e-01
5.843999999999999773e+01 1.540913921360255179e-01
5.848000000000000398e+01 1.530286928799150514e-01
5.852000000000000313e+01 1.519659936238044740e-01
5.856000000000000227e+01 1.509032943676940075e-01
5.860000000000000142e+01 1.503719447396387743e-01
5.864000000000000057e+01 1.503719447396387743e-01
5.867999999999999972e+01 1.498405951115834300e-01
5.871999999999999886e+01 1.493092454835281968e-01
5.875999999999999801e+01 1.493092454835281968e-01
5.880000000000000426e+01 1.487778958554729636e-01
5.884000000000000341e+01 1.482465462274177304e-01
5.888000000000000256e+01 1.461211477151966864e-01
5.892000000000000171e+01 1.450584484590861090e-01
5.896000000000000085e+01 1.445270988310308757e-01
5.900000000000000000e+01 1.439957492029756425e-01
5.903999999999999915e+01 1.439957492029756425e-01
5.907999999999999829e+01 1.429330499468650650e-01
5.912000000000000455e+01 1.429330499468650650e-01
5.916000000000000369e+01 1.429330499468650650e-01
5.920000000000000284e+01 1.424017003188098318e-01
5.924000000000000199e+01 1.418703506907545986e-01
5.928000000000000114e+01 1.392136025504782104e-01
5.932000000000000028e+01 1.376195536663125107e-01
5.935999999999999943e+01 1.370882040382572775e-01
5.939999999999999858e+01 1.370882040382572775e-01
5.943999999999999773e+01 1.370882040382572775e-01
5.948000000000000398e+01 1.370882040382572775e-01
5.952000000000000313e+01 1.365568544102019333e-01
5.956000000000000227e+01 1.365568544102019333e-01
5.960000000000000142e+01 1.354941551540914668e-01
5.964000000000000057e+01 1.339001062699256561e-01
5.967999999999999972e+01 1.333687566418704229e-01
5.971999999999999886e+01 1.333687566418704229e-01
5.975999999999999801e+01 1.317747077577046122e-01
5.980000000000000426e+01 1.307120085015941457e-01
5.984000000000000341e+01 1.307120085015941457e-01
5.988000000000000256e+01 1.301806588735388015e-01
5.992000000000000171e+01 1.301806588735388015e-01
5.996000000000000085e+01 1.291179596174283351e-01
6.000000000000000000e+01 1.291179596174283351e-01
6.003999999999999915e+01 1.269925611052072911e-01
6.007999999999999829e+01 1.253985122210414804e-01
6.012000000000000455e+01 1.248671625929862472e-01
6.016000000000000369e+01 1.243358129649310140e-01
6.020000000000000284e+01 1.238044633368756697e-01
6.024000000000000199e+01 1.238044633368756697e-01
6.028000000000000114e+01 1.238044633368756697e-01
6.032000000000000028e+01 1.232731137088204365e-01
6.035999999999999943e+01 1.222104144527099701e-01
6.039999999999999858e+01 1.216790648246546258e-01
6.043999999999999773e+01 1.211477151965993926e-01
6.048000000000000398e+01 1.200850159404889261e-01
6.052000000000000313e+01 1.190223166843783487e-01
6.056000000000000227e+01 1.184909670563231154e-01
6.060000000000000142e+01 1.179596174282678822e-01
6.064000000000000057e+01 1.174282678002125380e-01
6.067999999999999972e+01 1.174282678002125380e-01
6.071999999999999886e+01 1.163655685441020715e-01
6.075999999999999801e+01 1.158342189160468383e-01
6.080000000000000426e+01 1.153028692879916051e-01
6.084000000000000341e+01 1.147715196599362608e-01
6.088000000000000256e+01 1.137088204038257944e-01
6.092000000000000171e+01 1.126461211477152169e-01
6.096000000000000085e+01 1.121147715196599837e-01
6.100000000000000000e+01 1.121147715196599837e-01
6.103999999999999915e+01 1.115834218916047504e-01
6.107999999999999829e+01 1.110520722635495172e-01
6.112000000000000455e+01 1.110520722635495172e-01
6.116000000000000369e+01 1.099893730074389397e-01
6.120000000000000284e+01 1.094580233793837065e-01
6.124000000000000199e+01 1.078639744952178958e-01
6.128000000000000114e+01 1.068012752391074294e-01
6.132000000000000028e+01 1.068012752391074294e-01
6.135999999999999943e+01 1.057385759829968519e-01
6.139999999999999858e+01 1.057385759829968519e-01
6.143999999999999773e+01 1.057385759829968519e-01
6.148000000000000398e+01 1.057385759829968519e-01
6.152000000000000313e+01 1.057385759829968519e-01
6.156000000000000227e+01 1.057385759829968519e-01
6.160000000000000142e+01 1.052072263549416187e-01
6.164000000000000057e+01 1.046758767268863854e-01
6.167999999999999972e+01 1.036131774707758080e-01
6.171999999999999886e+01 1.020191285866099973e-01
6.175999999999999801e+01 1.009564293304995308e-01
6.180000000000000426e+01 9.989373007438895335e-02
6.184000000000000341e+01 9.989373007438895335e-02
6.188000000000000256e+01 9.936238044633372013e-02
6.192000000000000171e+01 9.936238044633372013e-02
6.196000000000000085e+01 9.936238044633372013e-02
6.200000000000000000e+01 9.883103081827848690e-02
6.203999999999999915e+01 9.883103081827848690e-02
6.207999999999999829e+01 9.829968119022325368e-02
6.212000000000000455e+01 9.776833156216790943e-02
6.216000000000000369e+01 9.723698193411267621e-02
6.220000000000000284e+01 9.511158342189163228e-02
6.224000000000000199e+01 9.404888416578116583e-02
6.228000000000000114e+01 9.351753453772582159e-02
6.232000000000000028e+01 9.298618490967058836e-02
6.235999999999999943e+01 9.298618490967058836e-02
6.239999999999999858e+01 9.298618490967058836e-02
6.244000000000000483e+01 9.298618490967058836e-02
6.248000000000000398e+01 9.245483528161535514e-02
6.252000000000000313e+01 9.245483528161535514e-02
6.256000000000000227e+01 9.245483528161535514e-02
6.260000000000000142e+01 9.192348565356012191e-02
6.264000000000000057e+01 9.192348565356012191e-02
6.267999999999999972e+01 9.086078639744954444e-02
6.271999999999999886e+01 8.926673751328384476e-02
6.275999999999999801e+01 8.767268862911803406e-02
6.280000000000000426e+01 8.714133900106280084e-02
6.284000000000000341e+01 8.660998937300745659e-02
6.288000000000000256e+01 8.660998937300745659e-02
6.292000000000000171e+01 8.660998937300745659e-02
6.296000000000000085e+01 8.660998937300745659e-02
6.300000000000000000e+01 8.607863974495222337e-02
6.303999999999999915e+01 8.607863974495222337e-02
6.307999999999999829e+01 8.607863974495222337e-02
6.312000000000000455e+01 8.607863974495222337e-02
6.316000000000000369e+01 8.607863974495222337e-02
6.320000000000000284e+01 8.501594048884175692e-02
6.324000000000000199e+01 8.501594048884175692e-02
6.328000000000000114e+01 8.501594048884175692e-02
6.332000000000000028e+01 8.395324123273117944e-02
6.335999999999999943e+01 8.289054197662071299e-02
6.339999999999999858e+01 8.235919234856536875e-02
6.344000000000000483e+01 8.076514346439966907e-02
6.348000000000000398e+01 8.023379383634432482e-02
6.352000000000000313e+01 8.023379383634432482e-02
6.356000000000000227e+01 8.023379383634432482e-02
6.360000000000000142e+01 8.023379383634432482e-02
6.364000000000000057e+01 7.970244420828909160e-02
6.367999999999999972e+01 7.970244420828909160e-02
6.371999999999999886e+01 7.970244420828909160e-02
6.375999999999999801e+01 7.970244420828909160e-02
6.380000000000000426e+01 7.970244420828909160e-02
6.384000000000000341e+01 7.917109458023385837e-02
6.388000000000000256e+01 7.863974495217862515e-02
6.392000000000000171e+01 7.863974495217862515e-02
6.396000000000000085e+01 7.810839532412328090e-02
6.400000000000000000e+01 7.757704569606804768e-02
6.404000000000000625e+01 7.704569606801281445e-02
6.407999999999999829e+01 7.704569606801281445e-02
6.412000000000000455e+01 7.704569606801281445e-02
6.415999999999999659e+01 7.651434643995758123e-02
6.420000000000000284e+01 7.651434643995758123e-02
6.423999999999999488e+01 7.651434643995758123e-02
6.428000000000000114e+01 7.598299681190223698e-02
6.432000000000000739e+01 7.598299681190223698e-02
6.435999999999999943e+01 7.545164718384700375e-02
6.440000000000000568e+01 7.492029755579177053e-02
6.443999999999999773e+01 7.438894792773653730e-02
6.448000000000000398e+01 7.385759829968119305e-02
6.451999999999999602e+01 7.385759829968119305e-02
6.456000000000000227e+01 7.332624867162595983e-02
6.459999999999999432e+01 7.332624867162595983e-02
6.464000000000000057e+01 7.332624867162595983e-02
6.468000000000000682e+01 7.332624867162595983e-02
6.471999999999999886e+01 7.332624867162595983e-02
6.476000000000000512e+01 7.332624867162595983e-02
6.479999999999999716e+01 7.332624867162595983e-02
6.484000000000000341e+01 7.279489904357072660e-02
6.487999999999999545e+01 7.226354941551549338e-02
6.492000000000000171e+01 7.226354941551549338e-02
6.496000000000000796e+01 7.226354941551549338e-02
6.500000000000000000e+01 7.120085015940491591e-02
6.504000000000000625e+01 7.066950053134968268e-02
6.507999999999999829e+01 7.013815090329444946e-02
6.512000000000000455e+01 6.960680127523921623e-02
6.515999999999999659e+01 6.960680127523921623e-02
6.520000000000000284e+01 6.907545164718387198e-02
6.523999999999999488e+01 6.907545164718387198e-02
6.528000000000000114e+01 6.854410201912863876e-02
6.532000000000000739e+01 6.801275239107340553e-02
6.535999999999999943e+01 6.748140276301817231e-02
6.540000000000000568e+01 6.748140276301817231e-02
6.543999999999999773e+01 6.748140276301817231e-02
6.548000000000000398e+01 6.748140276301817231e-02
6.551999999999999602e+01 6.748140276301817231e-02
6.556000000000000227e+01 6.695005313496282806e-02
6.559999999999999432e+01 6.695005313496282806e-02
6.564000000000000057e+01 6.695005313496282806e-02
6.568000000000000682e+01 6.695005313496282806e-02
6.571999999999999886e+01 6.695005313496282806e-02
6.576000000000000512e+01 6.695005313496282806e-02
6.579999999999999716e+01 6.695005313496282806e-02
6.584000000000000341e+01 6.695005313496282806e-02
6.587999999999999545e+01 6.695005313496282806e-02
6.592000000000000171e+01 6.695005313496282806e-02
6.596000000000000796e+01 6.695005313496282806e-02
6.600000000000000000e+01 6.695005313496282806e-02
6.604000000000000625e+01 6.695005313496282806e-02
6.607999999999999829e+01 6.695005313496282806e-02
6.612000000000000455e+01 6.695005313496282806e-02
6.615999999999999659e+01 6.695005313496282806e-02
6.620000000000000284e+01 6.695005313496282806e-02
6.623999999999999488e+01 6.695005313496282806e-02
6.628000000000000114e+01 6.695005313496282806e-02
6.632000000000000739e+01 6.695005313496282806e-02
6.635999999999999943e+01 6.695005313496282806e-02
6.640000000000000568e+01 6.695005313496282806e-02
6.643999999999999773e+01 6.695005313496282806e-02
6.648000000000000398e+01 6.695005313496282806e-02
6.651999999999999602e+01 6.695005313496282806e-02
6.656000000000000227e+01 6.695005313496282806e-02
6.659999999999999432e+01 6.695005313496282806e-02
6.664000000000000057e+01 6.695005313496282806e-02
6.668000000000000682e+01 6.695005313496282806e-02
6.671999999999999886e+01 6.695005313496282806e-02
6.676000000000000512e+01 6.695005313496282806e-02
6.679999999999999716e+01 6.695005313496282806e-02
6.684000000000000341e+01 6.695005313496282806e-02
6.687999999999999545e+01 6.695005313496282806e-02
6.692000000000000171e+01 6.641870350690759484e-02
6.696000000000000796e+01 6.641870350690759484e-02
6.700000000000000000e+01 6.641870350690759484e-02
6.704000000000000625e+01 6.641870350690759484e-02
6.707999999999999829e+01 6.641870350690759484e-02
6.712000000000000455e+01 6.641870350690759484e-02
6.715999999999999659e+01 6.641870350690759484e-02
6.720000000000000284e+01 6.588735387885236161e-02
6.723999999999999488e+01 6.535600425079712839e-02
6.728000000000000114e+01 6.482465462274178414e-02
6.732000000000000739e+01 6.482465462274178414e-02
6.735999999999999943e+01 6.482465462274178414e-02
6.740000000000000568e+01 6.429330499468655091e-02
6.743999999999999773e+01 6.429330499468655091e-02
6.748000000000000398e+01 6.429330499468655091e-02
6.751999999999999602e+01 6.429330499468655091e-02
6.756000000000000227e+01 6.429330499468655091e-02
6.759999999999999432e+01 6.429330499468655091e-02
6.764000000000000057e+01 6.429330499468655091e-02
6.768000000000000682e+01 6.429330499468655091e-02
6.771999999999999886e+01 6.429330499468655091e-02
6.776000000000000512e+01 6.429330499468655091e-02
6.779999999999999716e+01 6.482465462274178414e-02
6.784000000000000341e+01 6.482465462274178414e-02
6.787999999999999545e+01 6.482465462274178414e-02
6.792000000000000171e+01 6.535600425079712839e-02
6.796000000000000796e+01 6.641870350690759484e-02
6.800000000000000000e+01 6.641870350690759484e-02
6.804000000000000625e+01 6.641870350690759484e-02
6.807999999999999829e+01 6.641870350690759484e-02
6.812000000000000455e+01 6.641870350690759484e-02
6.815999999999999659e+01 6.641870350690759484e-02
6.820000000000000284e+01 6.641870350690759484e-02
6.823999999999999488e+01 6.641870350690759484e-02
6.828000000000000114e+01 6.641870350690759484e-02
6.832000000000000739e+01 6.641870350690759484e-02
6.835999999999999943e+01 6.641870350690759484e-02
6.840000000000000568e+01 6.641870350690759484e-02
6.843999999999999773e+01 6.695005313496282806e-02
6.848000000000000398e+01 6.695005313496282806e-02
6.851999999999999602e+01 6.695005313496282806e-02
6.856000000000000227e+01 6.695005313496282806e-02
6.860000000000000853e+01 6.695005313496282806e-02
6.864000000000000057e+01 6.695005313496282806e-02
6.868000000000000682e+01 6.695005313496282806e-02
6.871999999999999886e+01 6.695005313496282806e-02
6.876000000000000512e+01 6.695005313496282806e-02
6.879999999999999716e+01 6.695005313496282806e-02
6.884000000000000341e+01 6.695005313496282806e-02
6.887999999999999545e+01 6.695005313496282806e-02
6.892000000000000171e+01 6.695005313496282806e-02
6.896000000000000796e+01 6.695005313496282806e-02
6.900000000000000000e+01 6.695005313496282806e-02
6.904000000000000625e+01 6.695005313496282806e-02
6.907999999999999829e+01 6.695005313496282806e-02
6.912000000000000455e+01 6.695005313496282806e-02
6.915999999999999659e+01 6.695005313496282806e-02
6.920000000000000284e+01 6.695005313496282806e-02
6.923999999999999488e+01 6.695005313496282806e-02
6.928000000000000114e+01 6.695005313496282806e-02
6.932000000000000739e+01 6.695005313496282806e-02
6.935999999999999943e+01 6.695005313496282806e-02
6.940000000000000568e+01 6.695005313496282806e-02
6.943999999999999773e+01 6.695005313496282806e-02
6.948000000000000398e+01 6.695005313496282806e-02
6.951999999999999602e+01 6.695005313496282806e-02
6.956000000000000227e+01 6.695005313496282806e-02
6.960000000000000853e+01 6.695005313496282806e-02
6.964000000000000057e+01 6.695005313496282806e-02
6.968000000000000682e+01 6.695005313496282806e-02
6.971999999999999886e+01 6.695005313496282806e-02
6.976000000000000512e+01 6.695005313496282806e-02
6.979999999999999716e+01 6.695005313496282806e-02
6.984000000000000341e+01 6.695005313496282806e-02
6.987999999999999545e+01 6.695005313496282806e-02
6.992000000000000171e+01 6.695005313496282806e-02
6.996000000000000796e+01 6.695005313496282806e-02
7.000000000000000000e+01 6.695005313496282806e-02
7.004000000000000625e+01 6.695005313496282806e-02
7.007999999999999829e+01 6.695005313496282806e-02
7.012000000000000455e+01 6.695005313496282806e-02
7.015999999999999659e+01 6.748140276301817231e-02
7.020000000000000284e+01 6.748140276301817231e-02
7.023999999999999488e+01 6.748140276301817231e-02
7.028000000000000114e+01 6.748140276301817231e-02
7.032000000000000739e+01 6.801275239107340553e-02
7.035999999999999943e+01 6.801275239107340553e-02
7.040000000000000568e+01 6.854410201912863876e-02
7.043999999999999773e+01 6.854410201912863876e-02
7.048000000000000398e+01 6.907545164718387198e-02
7.051999999999999602e+01 6.907545164718387198e-02
7.056000000000000227e+01 6.907545164718387198e-02
7.060000000000000853e+01 6.907545164718387198e-02
7.064000000000000057e+01 6.907545164718387198e-02
7.068000000000000682e+01 6.960680127523921623e-02
7.071999999999999886e+01 6.960680127523921623e-02
7.076000000000000512e+01 6.960680127523921623e-02
7.079999999999999716e+01 6.960680127523921623e-02
7.084000000000000341e+01 6.960680127523921623e-02
7.087999999999999545e+01 6.960680127523921623e-02
7.092000000000000171e+01 6.960680127523921623e-02
7.096000000000000796e+01 7.013815090329444946e-02
7.100000000000000000e+01 6.960680127523921623e-02
7.104000000000000625e+01 6.960680127523921623e-02
7.107999999999999829e+01 7.013815090329444946e-02
7.112000000000000455e+01 7.013815090329444946e-02
7.115999999999999659e+01 7.013815090329444946e-02
7.120000000000000284e+01 7.013815090329444946e-02
7.123999999999999488e+01 7.013815090329444946e-02
7.128000000000000114e+01 7.013815090329444946e-02
7.132000000000000739e+01 6.960680127523921623e-02
7.135999999999999943e+01 7.013815090329444946e-02
7.140000000000000568e+01 7.013815090329444946e-02
