1.600000000000000000e+01 9.922547332185885915e-01
1.614285714285714235e+01 9.698795180722891152e-01
1.628571428571428470e+01 9.655765920826161475e-01
1.642857142857142705e+01 9.582616179001721690e-01
1.657142857142856940e+01 9.156626506024095891e-01
1.671428571428571175e+01 8.319833957679456660e-01
1.685714285714285765e+01 8.102409638554216587e-01
1.700000000000000000e+01 9.750430292598967208e-01
1.714285714285714235e+01 9.569707401032702121e-01
1.728571428571428470e+01 9.144634745069269988e-01
1.742857142857142705e+01 9.011668194112255614e-01
1.757142857142856940e+01 8.158721843897328574e-01
1.771428571428571175e+01 8.144204145775648662e-01
1.785714285714285765e+01 7.616716867469879304e-01
1.800000000000000000e+01 7.380691597559067008e-01
1.814285714285714235e+01 7.367704584572054571e-01
1.828571428571428470e+01 7.291039156626506479e-01
1.842857142857142705e+01 7.297762478485370075e-01
1.857142857142856940e+01 6.409208261617900249e-01
1.871428571428571175e+01 6.449406649153002213e-01
1.885714285714285765e+01 6.449406649153002213e-01
1.900000000000000000e+01 6.458167163427228630e-01
1.914285714285714235e+01 6.475803546411560419e-01
1.928571428571428470e+01 6.526506024096385694e-01
1.942857142857142705e+01 6.560626743426909435e-01
1.957142857142856940e+01 6.576469141873617641e-01
1.971428571428571175e+01 6.609652897303499586e-01
1.985714285714285765e+01 6.709916589434661294e-01
2.000000000000000000e+01 6.798753455379961119e-01
2.014285714285714235e+01 6.811359724612736644e-01
2.028571428571428470e+01 6.839364692041220994e-01
2.042857142857142705e+01 6.889220933971363925e-01
2.057142857142856940e+01 6.980346635712284531e-01
2.071428571428571175e+01 7.067360350492880583e-01
2.085714285714285765e+01 7.309144411748376147e-01
2.100000000000000000e+01 7.339901477832512233e-01
2.114285714285714235e+01 7.392035675168204811e-01
2.128571428571428470e+01 7.479059093516924328e-01
2.142857142857142705e+01 7.534423407917383297e-01
2.157142857142856940e+01 7.534423407917383297e-01
2.171428571428571175e+01 7.534423407917383297e-01
2.185714285714285765e+01 7.538726333907056487e-01
2.200000000000000000e+01 7.517211703958691649e-01
2.214285714285714235e+01 7.508605851979346379e-01
2.228571428571428470e+01 7.474182444061961972e-01
2.242857142857142705e+01 7.456970740103270323e-01
2.257142857142856940e+01 7.452667814113597133e-01
2.271428571428571175e+01 7.433304647160068335e-01
2.285714285714285410e+01 7.396729776247847887e-01
2.300000000000000000e+01 7.392426850258175808e-01
2.314285714285714235e+01 7.378288664863534851e-01
2.328571428571428470e+01 7.409638554216867457e-01
2.342857142857142705e+01 7.396729776247847887e-01
2.357142857142856940e+01 7.331110154905335907e-01
2.371428571428571175e+01 7.181411359724612087e-01
2.385714285714285410e+01 7.250143430866322625e-01
2.400000000000000000e+01 7.146084337349397630e-01
2.414285714285714235e+01 7.117039586919104988e-01
2.428571428571428470e+01 7.077237521514629925e-01
2.442857142857142705e+01 7.071858864027538161e-01
2.457142857142856940e+01 7.000860585197934416e-01
2.471428571428571175e+01 6.953528399311531549e-01
2.485714285714285410e+01 6.940619621342511980e-01
2.500000000000000000e+01 6.922690763052208318e-01
2.514285714285714235e+01 6.930169658224736295e-01
2.528571428571428470e+01 6.927710843373493521e-01
2.542857142857142705e+01 6.914802065404475062e-01
2.557142857142856940e+01 6.903614457831325213e-01
2.571428571428571175e+01 6.894721744119334250e-01
2.585714285714285410e+01 6.887908777969018459e-01
2.600000000000000000e+01 6.881812966150315791e-01
2.614285714285714235e+01 6.870338496844521359e-01
2.628571428571428470e+01 6.889599213179247172e-01
2.642857142857142705e+01 6.887908777969018459e-01
2.657142857142856940e+01 6.882960413080895234e-01
2.671428571428571175e+01 6.876792885829030588e-01
2.685714285714285410e+01 6.866322432587492752e-01
2.700000000000000000e+01 6.863166953528399006e-01
2.714285714285714235e+01 6.867469879518072196e-01
2.728571428571428470e+01 6.867469879518072196e-01
2.742857142857142705e+01 6.878765060240963347e-01
2.757142857142856940e+01 6.883534136546185511e-01
2.771428571428571175e+01 6.876075731497417465e-01
2.785714285714285410e+01 6.876075731497417465e-01
2.800000000000000000e+01 6.871772805507745385e-01
2.814285714285714235e+01 6.867469879518072196e-01
2.828571428571428470e+01 6.863166953528399006e-01
2.842857142857142705e+01 6.863166953528399006e-01
2.857142857142856940e+01 6.858864027538726926e-01
2.871428571428571175e+01 6.858864027538726926e-01
2.885714285714285410e+01 6.858864027538726926e-01
2.900000000000000000e+01 6.863166953528399006e-01
2.914285714285714235e+01 6.867469879518072196e-01
2.928571428571428470e+01 6.877510040160642601e-01
2.942857142857142705e+01 6.882033629021580001e-01
2.957142857142856940e+01 6.882033629021580001e-01
2.971428571428571175e+01 6.879149250061469267e-01
2.985714285714285410e+01 6.871772805507745385e-01
3.000000000000000000e+01 6.863166953528399006e-01
3.014285714285714235e+01 6.871772805507745385e-01
3.028571428571428470e+01 6.871772805507745385e-01
3.042857142857142705e+01 6.880378657487091765e-01
3.057142857142856940e+01 6.875063278323376714e-01
3.071428571428571175e+01 6.880378657487091765e-01
3.085714285714285410e+01 6.880378657487091765e-01
3.100000000000000000e+01 6.876075731497417465e-01
3.114285714285714235e+01 6.876075731497417465e-01
3.128571428571428470e+01 6.867469879518072196e-01
3.142857142857142705e+01 6.837349397590362088e-01
3.157142857142856940e+01 6.841652323580034167e-01
3.171428571428571175e+01 6.845955249569707357e-01
3.185714285714285410e+01 6.850258175559380547e-01
3.200000000000000000e+01 6.850258175559380547e-01
3.214285714285713880e+01 6.850258175559380547e-01
3.228571428571428470e+01 6.850258175559380547e-01
3.242857142857142350e+01 6.828743545611015708e-01
3.257142857142856940e+01 6.819659590743928357e-01
3.271428571428571530e+01 6.817269076305221276e-01
3.285714285714285410e+01 6.796164248832062826e-01
3.300000000000000000e+01 6.783562822719448882e-01
3.314285714285713880e+01 6.771084337349397853e-01
3.328571428571428470e+01 6.775674125071715626e-01
3.342857142857142350e+01 6.717728055077452076e-01
3.357142857142856940e+01 6.686746987951807109e-01
3.371428571428571530e+01 6.699655765920826678e-01
3.385714285714285410e+01 6.706827309236946810e-01
3.400000000000000000e+01 6.695352839931152378e-01
3.414285714285713880e+01 6.662650602409638800e-01
3.428571428571428470e+01 6.622203098106712593e-01
3.442857142857142350e+01 6.613597246127367324e-01
3.457142857142856940e+01 6.608064912712072747e-01
3.471428571428571530e+01 6.596385542168674565e-01
3.485714285714285410e+01 6.566265060240963347e-01
3.500000000000000000e+01 6.560049722700325159e-01
3.514285714285713880e+01 6.565117613310385014e-01
3.528571428571428470e+01 6.558983185489208889e-01
3.542857142857142350e+01 6.539218096877305042e-01
3.557142857142856940e+01 6.517939891433867095e-01
3.571428571428571530e+01 6.510327022375215211e-01
3.585714285714285410e+01 6.493115318416522452e-01
3.600000000000000000e+01 6.471600688468157614e-01
3.614285714285713880e+01 6.454388984509467075e-01
3.628571428571428470e+01 6.424268502581755858e-01
3.642857142857142350e+01 6.346815834767641773e-01
3.657142857142856940e+01 6.338209982788296504e-01
3.671428571428571530e+01 6.342512908777968583e-01
3.685714285714285410e+01 6.342512908777968583e-01
3.700000000000000000e+01 6.338209982788296504e-01
3.714285714285713880e+01 6.338209982788296504e-01
3.728571428571428470e+01 6.329604130808950124e-01
3.742857142857142350e+01 6.293029259896729677e-01
3.757142857142856940e+01 6.269363166953527688e-01
3.771428571428571530e+01 6.294893861158921133e-01
3.785714285714285410e+01 6.274239816408491155e-01
3.800000000000000000e+01 6.259323006310957282e-01
3.814285714285713880e+01 6.246004425866731324e-01
3.828571428571428470e+01 6.231143059633491577e-01
3.842857142857142350e+01 6.191910499139414714e-01
3.857142857142856940e+01 6.135972461273666578e-01
3.871428571428571530e+01 6.101549053356282171e-01
3.885714285714285410e+01 6.054216867469879304e-01
3.900000000000000000e+01 6.037005163511187655e-01
3.914285714285713880e+01 6.037005163511187655e-01
3.928571428571428470e+01 6.045611015490532925e-01
3.942857142857142350e+01 6.049913941480207225e-01
3.957142857142856940e+01 6.045611015490532925e-01
3.971428571428571530e+01 6.045611015490532925e-01
3.985714285714285410e+01 6.037005163511187655e-01
4.000000000000000000e+01 5.981067125645438409e-01
4.014285714285713880e+01 5.988033767723957013e-01
4.028571428571428470e+01 6.002581755593803248e-01
4.057142857142856940e+01 5.851979345955249379e-01
4.071428571428571530e+01 5.843373493975902999e-01
4.085714285714285410e+01 5.830464716006884540e-01
4.100000000000000000e+01 5.826161790017211350e-01
4.114285714285713880e+01 5.795563205201759160e-01
4.128571428571428470e+01 5.783132530120481674e-01
4.142857142857142350e+01 5.793889845094664093e-01
4.157142857142856940e+01 5.796901893287436103e-01
4.171428571428571530e+01 5.764486517498565998e-01
4.185714285714285410e+01 5.712299748444327196e-01
4.200000000000000000e+01 5.757314974182443645e-01
4.214285714285713880e+01 5.753012048192771566e-01
4.228571428571428470e+01 5.761617900172116835e-01
4.242857142857142350e+01 5.593803786574871317e-01
4.257142857142856940e+01 5.589500860585197017e-01
4.271428571428571530e+01 5.611015490533561856e-01
4.285714285714285410e+01 5.600565527415786171e-01
4.300000000000000000e+01 5.585859923209320899e-01
4.314285714285713880e+01 5.560704355885078831e-01
4.328571428571428470e+01 5.533562822719448882e-01
4.342857142857142350e+01 5.549340218014917614e-01
4.357142857142856940e+01 5.480698303417752548e-01
4.371428571428571530e+01 5.473321858864027556e-01
4.385714285714285410e+01 5.494836488812392394e-01
4.400000000000000000e+01 5.499139414802065584e-01
4.414285714285713880e+01 5.494836488812392394e-01
4.428571428571428470e+01 5.477624784853700746e-01
4.442857142857142350e+01 5.464716006884681176e-01
4.457142857142856940e+01 5.447504302925989528e-01
4.471428571428571530e+01 5.417383820998278310e-01
4.485714285714285410e+01 5.465330710597491315e-01
4.500000000000000000e+01 5.453958691910498757e-01
4.514285714285713880e+01 5.460413080895007987e-01
4.528571428571428470e+01 5.470453241537578393e-01
4.542857142857142350e+01 5.438898450946643148e-01
4.557142857142856940e+01 5.425989672977624689e-01
4.571428571428570820e+01 5.387263339070567092e-01
4.585714285714285410e+01 5.336488812392427006e-01
4.600000000000000000e+01 5.270469633636587492e-01
4.614285714285713880e+01 5.220883534136545601e-01
4.628571428571428470e+01 5.188316290371570716e-01
4.642857142857142350e+01 5.182874354561101127e-01
4.657142857142856940e+01 5.154188181296615046e-01
4.671428571428570820e+01 5.159208261617900249e-01
4.685714285714285410e+01 5.120481927710842651e-01
4.700000000000000000e+01 5.103270223752152113e-01
4.714285714285713880e+01 5.087287927219079631e-01
4.728571428571428470e+01 5.073932092004380667e-01
4.742857142857142350e+01 5.067617408409146318e-01
4.757142857142856940e+01 5.051635111876076056e-01
4.771428571428570820e+01 5.022948938611588865e-01
4.785714285714285410e+01 4.983505450372920365e-01
4.800000000000000000e+01 4.985656913367756404e-01
4.814285714285713880e+01 4.987091222030980431e-01
4.828571428571428470e+01 4.960024429515296207e-01
4.842857142857142350e+01 4.935456110154905485e-01
4.857142857142856940e+01 4.918244406196212726e-01
4.871428571428570820e+01 4.896729776247847887e-01
4.885714285714285410e+01 4.850529939306096328e-01
4.900000000000000000e+01 4.820137693631669773e-01
4.914285714285713880e+01 4.794176706827308898e-01
4.928571428571428470e+01 4.778867020878545535e-01
4.942857142857142350e+01 4.770100811408901631e-01
4.957142857142856940e+01 4.746127366609294018e-01
4.971428571428570820e+01 4.734174794415757503e-01
4.985714285714285410e+01 4.748559455212152391e-01
5.000000000000000000e+01 4.754733218588640398e-01
5.014285714285713880e+01 4.728915662650602370e-01
5.028571428571428470e+01 4.725473321858864040e-01
5.042857142857142350e+01 4.763339070567985667e-01
5.057142857142856940e+01 4.750430292598967208e-01
5.071428571428570820e+01 4.737521514629947639e-01
5.085714285714285410e+01 4.659590743928093692e-01
5.100000000000000000e+01 4.634251290877796636e-01
5.114285714285713880e+01 4.592487597448617898e-01
5.128571428571428470e+01 4.566633882468649208e-01
5.142857142857142350e+01 4.549847742618826629e-01
5.157142857142856940e+01 4.535283993115317713e-01
5.171428571428570820e+01 4.543351979345955360e-01
5.185714285714285410e+01 4.552495697074010472e-01
5.200000000000000000e+01 4.530981067125645634e-01
5.214285714285713880e+01 4.518072289156626065e-01
5.228571428571428470e+01 4.513769363166952875e-01
5.242857142857142350e+01 4.503989985917696837e-01
5.257142857142856940e+01 4.556798623063683662e-01
5.271428571428570820e+01 4.561101549053355741e-01
5.300000000000000000e+01 4.552495697074010472e-01
5.314285714285713880e+01 4.496557659208261226e-01
5.328571428571428470e+01 4.442053930005737117e-01
5.342857142857142350e+01 4.403327596098679519e-01
5.357142857142856940e+01 4.389940715241920088e-01
5.371428571428570820e+01 4.394721744119334250e-01
5.385714285714285410e+01 4.384681583476763844e-01
5.400000000000000000e+01 4.380378657487090654e-01
5.414285714285713880e+01 4.406196213425128683e-01
5.428571428571428470e+01 4.348823866896156520e-01
5.442857142857142350e+01 4.347389558232931384e-01
5.457142857142856940e+01 4.328743545611015708e-01
5.471428571428570820e+01 4.331391500066198441e-01
5.485714285714285410e+01 4.320711417096959606e-01
5.500000000000000000e+01 4.303786574870912540e-01
5.514285714285713880e+01 4.284758079938802977e-01
5.528571428571428470e+01 4.284758079938802977e-01
5.542857142857142350e+01 4.272327404857525490e-01
5.557142857142856940e+01 4.270067282115473928e-01
5.571428571428570820e+01 4.272805507745266462e-01
5.585714285714285410e+01 4.264199655765920083e-01
5.600000000000000000e+01 4.255593803786574814e-01
5.614285714285713880e+01 4.251290877796901624e-01
5.628571428571428470e+01 4.246987951807228434e-01
5.642857142857142350e+01 4.240226210966313580e-01
5.657142857142856940e+01 4.226702729284483873e-01
5.671428571428570820e+01 4.220094664371772941e-01
5.685714285714285410e+01 4.221170395869190406e-01
5.700000000000000000e+01 4.212564543889845137e-01
5.714285714285713880e+01 4.203958691910498757e-01
5.728571428571428470e+01 4.212564543889845137e-01
5.742857142857142350e+01 4.208261617900171947e-01
5.757142857142856940e+01 4.186746987951807109e-01
5.771428571428570820e+01 4.175989672977624689e-01
5.785714285714285410e+01 4.170395869191050320e-01
5.800000000000000000e+01 4.165232358003442270e-01
5.814285714285713880e+01 4.170395869191050320e-01
5.828571428571428470e+01 4.170395869191050320e-01
5.842857142857142350e+01 4.170395869191050320e-01
5.857142857142856940e+01 4.170395869191050320e-01
5.871428571428570820e+01 4.170395869191050320e-01
5.885714285714285410e+01 4.170395869191050320e-01
5.900000000000000000e+01 4.165232358003442270e-01
5.914285714285713880e+01 4.158060814687319917e-01
5.928571428571428470e+01 4.152938283747233950e-01
5.942857142857142350e+01 4.158538917575061999e-01
5.957142857142856940e+01 4.165232358003442270e-01
5.971428571428570820e+01 4.165232358003442270e-01
5.985714285714285410e+01 4.160929432013769080e-01
6.000000000000000000e+01 4.160929432013769080e-01
6.014285714285713880e+01 4.156626506024095891e-01
6.028571428571428470e+01 4.156626506024095891e-01
6.042857142857142350e+01 4.156626506024095891e-01
6.057142857142856940e+01 4.156626506024095891e-01
6.071428571428570820e+01 4.156626506024095891e-01
6.085714285714285410e+01 4.156626506024095891e-01
6.100000000000000000e+01 4.165232358003442270e-01
6.114285714285713880e+01 4.165232358003442270e-01
6.128571428571428470e+01 4.165232358003442270e-01
6.142857142857142350e+01 4.165232358003442270e-01
6.157142857142856940e+01 4.165232358003442270e-01
6.171428571428570820e+01 4.165232358003442270e-01
6.185714285714285410e+01 4.169535283993115460e-01
6.200000000000000000e+01 4.173838209982788650e-01
6.214285714285713880e+01 4.178141135972460729e-01
6.228571428571428470e+01 4.191049913941480298e-01
6.242857142857142350e+01 4.177810141665563304e-01
6.257142857142856940e+01 4.177148153051767343e-01
6.271428571428570820e+01 4.178427997705105312e-01
6.285714285714285410e+01 4.185481421484256170e-01
6.300000000000000000e+01 4.189436316695352991e-01
6.314285714285713880e+01 4.194396634155670434e-01
6.328571428571428470e+01 4.191049913941480298e-01
6.342857142857142350e+01 4.195352839931153488e-01
6.357142857142856940e+01 4.195352839931153488e-01
6.371428571428570820e+01 4.195352839931153488e-01
6.385714285714285410e+01 4.195352839931153488e-01
6.400000000000000000e+01 4.199655765920825568e-01
6.414285714285713880e+01 4.203480589022757785e-01
6.428571428571427759e+01 4.207249164726131196e-01
6.442857142857143060e+01 4.207249164726131196e-01
6.457142857142856940e+01 4.212564543889845137e-01
6.471428571428570820e+01 4.221170395869190406e-01
6.485714285714284699e+01 4.225473321858863596e-01
6.500000000000000000e+01 4.222246127366608981e-01
6.514285714285713880e+01 4.226992001619924721e-01
6.528571428571427759e+01 4.225473321858863596e-01
6.542857142857143060e+01 4.212564543889845137e-01
6.557142857142856940e+01 4.212564543889845137e-01
6.571428571428570820e+01 4.214716006884681176e-01
6.585714285714284699e+01 4.223560910307898597e-01
6.600000000000000000e+01 4.221170395869190406e-01
6.614285714285713880e+01 4.236610306773310741e-01
6.628571428571427759e+01 4.247747291687758997e-01
6.642857142857143060e+01 4.250215146299483049e-01
6.657142857142856940e+01 4.262048192771084043e-01
6.671428571428570820e+01 4.269008808342613648e-01
6.685714285714284699e+01 4.255593803786574814e-01
6.700000000000000000e+01 4.268502581755593273e-01
6.714285714285713880e+01 4.276570567986230920e-01
6.728571428571427759e+01 4.300535475234269489e-01
6.742857142857143060e+01 4.303831868828698060e-01
6.757142857142856940e+01 4.302516187197770181e-01
6.771428571428570820e+01 4.299014238773274377e-01
6.785714285714284699e+01 4.310302434226702673e-01
6.800000000000000000e+01 4.318325935320228570e-01
6.814285714285713880e+01 4.327224865849954583e-01
6.828571428571427759e+01 4.327224865849954583e-01
6.842857142857143060e+01 4.325706186088893457e-01
6.857142857142856940e+01 4.335324491242279477e-01
6.871428571428570820e+01 4.344234079173837637e-01
6.885714285714284699e+01 4.341652323580034167e-01
6.900000000000000000e+01 4.350258175559380547e-01
6.914285714285713880e+01 4.365856282271944888e-01
6.928571428571427759e+01 4.379231210556511211e-01
6.942857142857143060e+01 4.381040646100886615e-01
6.957142857142856940e+01 4.387550200803213007e-01
6.971428571428570820e+01 4.389558232931727311e-01
6.985714285714284699e+01 4.408844167880311415e-01
7.000000000000000000e+01 4.397590361445783413e-01
7.014285714285713880e+01 4.405240007649646738e-01
7.028571428571427759e+01 4.416366765764355717e-01
7.042857142857143060e+01 4.437309678273533287e-01
7.057142857142856940e+01 4.427710843373493521e-01
7.071428571428570820e+01 4.427710843373493521e-01
7.085714285714284699e+01 4.432013769363166711e-01
7.100000000000000000e+01 4.461519547578067790e-01
7.114285714285713880e+01 4.463209982788295394e-01
7.128571428571427759e+01 4.481736469688276658e-01
7.142857142857143060e+01 4.485800344234078807e-01
7.157142857142856940e+01 4.485083189902466794e-01
7.171428571428570820e+01 4.478485370051634717e-01
7.185714285714284699e+01 4.479345955249569577e-01
7.200000000000000000e+01 4.487091222030981097e-01
7.214285714285713880e+01 4.495123350545037200e-01
7.228571428571427759e+01 4.504910397894097418e-01
7.242857142857143060e+01 4.520789926623788313e-01
7.257142857142856940e+01 4.532702237521515354e-01
7.271428571428570820e+01 4.539586919104990903e-01
7.285714285714284699e+01 4.543889845094664093e-01
7.300000000000000000e+01 4.548192771084337283e-01
7.314285714285713880e+01 4.557228915662649982e-01
7.328571428571427759e+01 4.567125645438898651e-01
7.342857142857143060e+01 4.574010327022375311e-01
7.357142857142856940e+01 4.574010327022375311e-01
7.371428571428570820e+01 4.578313253012048500e-01
7.385714285714284699e+01 4.591222030981066959e-01
7.400000000000000000e+01 4.604130808950085418e-01
7.414285714285713880e+01 4.617039586919104988e-01
7.428571428571427759e+01 4.621820615796519149e-01
7.442857142857143060e+01 4.608433734939758608e-01
7.457142857142856940e+01 4.617900172117039848e-01
7.471428571428570820e+01 4.636402753872632676e-01
7.485714285714284699e+01 4.658936497871183358e-01
7.500000000000000000e+01 4.665447504302925319e-01
7.514285714285713880e+01 4.671653647557261202e-01
7.528571428571427759e+01 4.689472174411932759e-01
7.542857142857143060e+01 4.707401032702237531e-01
7.557142857142856940e+01 4.705836332342356876e-01
7.571428571428570820e+01 4.690189328743545882e-01
7.585714285714284699e+01 4.710269650028686694e-01
7.600000000000000000e+01 4.728915662650602370e-01
7.614285714285713880e+01 4.746127366609294018e-01
7.628571428571427759e+01 4.746127366609294018e-01
7.642857142857143060e+01 4.750430292598967208e-01
7.657142857142856940e+01 4.759036144578313587e-01
7.671428571428570820e+01 4.771944922547332046e-01
7.685714285714284699e+01 4.784853700516350505e-01
7.700000000000000000e+01 4.779690189328743566e-01
7.714285714285713880e+01 4.787148594377509392e-01
7.728571428571427759e+01 4.791308089500860845e-01
7.742857142857143060e+01 4.801587301587301182e-01
7.757142857142856940e+01 4.792844848782886746e-01
7.771428571428570820e+01 4.800835997049421877e-01
7.785714285714284699e+01 4.822719449225473243e-01
7.800000000000000000e+01 4.840791738382099751e-01
7.814285714285713880e+01 4.853700516351118210e-01
7.828571428571427759e+01 4.854606395506838590e-01
7.842857142857143060e+01 4.858959648116274455e-01
7.857142857142856940e+01 4.868043602983361806e-01
7.871428571428570820e+01 4.872430900070870985e-01
7.885714285714284699e+01 4.877127557850449158e-01
7.900000000000000000e+01 4.883820998278829428e-01
7.914285714285713880e+01 4.883820998278829428e-01
7.928571428571427759e+01 4.888123924268502618e-01
7.942857142857143060e+01 4.888123924268502618e-01
7.957142857142856940e+01 4.892426850258175808e-01
7.971428571428570820e+01 4.901032702237521077e-01
7.985714285714284699e+01 4.909638554216867457e-01
8.000000000000000000e+01 4.931153184165232295e-01
8.014285714285713880e+01 4.916978839728662898e-01
8.028571428571427759e+01 4.921471600688468451e-01
8.042857142857143060e+01 4.928622051230130419e-01
8.057142857142856940e+01 4.934021801491681458e-01
8.071428571428570820e+01 4.945194311078902061e-01
8.085714285714284699e+01 4.956970740103270323e-01
8.100000000000000000e+01 4.965576592082615592e-01
8.114285714285713880e+01 5.001564700359880655e-01
8.128571428571427759e+01 5.017211703958691649e-01
8.142857142857143060e+01 5.020654044750429978e-01
8.157142857142856940e+01 5.027251864601260944e-01
8.171428571428570820e+01 5.021183635641466303e-01
8.185714285714284699e+01 5.015777395295467622e-01
8.200000000000000000e+01 5.023831590096650146e-01
8.214285714285713880e+01 5.025155567324242067e-01
8.228571428571427759e+01 5.025817555938036918e-01
8.242857142857143060e+01 5.029789487620812682e-01
8.257142857142856940e+01 5.041799852471109400e-01
8.271428571428570820e+01 5.041799852471109400e-01
8.285714285714284699e+01 5.056224899598393829e-01
8.300000000000000000e+01 5.059165232358002751e-01
8.314285714285713880e+01 5.079477574162194475e-01
8.328571428571427759e+01 5.086058519793459354e-01
8.342857142857143060e+01 5.086058519793459354e-01
8.357142857142856940e+01 5.090361445783132543e-01
8.371428571428570820e+01 5.094664371772805733e-01
8.385714285714284699e+01 5.094664371772805733e-01
8.400000000000000000e+01 5.107573149741824192e-01
8.414285714285713880e+01 5.113200052959089303e-01
8.428571428571427759e+01 5.122467893552231644e-01
8.442857142857143060e+01 5.131735734145372874e-01
8.457142857142856940e+01 5.145684779936070541e-01
8.471428571428570820e+01 5.120481927710842651e-01
8.485714285714284699e+01 5.141381853946398461e-01
8.500000000000000000e+01 5.161359724612736288e-01
8.514285714285713880e+01 5.165232358003442048e-01
8.528571428571427759e+01 5.225473321858864484e-01
8.542857142857143060e+01 5.288296041308089279e-01
8.557142857142856940e+01 5.292598967297762469e-01
8.571428571428570820e+01 5.255716744529136397e-01
8.585714285714284699e+01 5.244406196213424742e-01
8.600000000000000000e+01 5.239399155061805757e-01
8.614285714285713880e+01 5.244406196213424742e-01
8.628571428571427759e+01 5.248135398737808766e-01
8.642857142857143060e+01 5.249569707401032792e-01
8.657142857142856940e+01 5.253872633390705982e-01
8.671428571428570820e+01 5.258175559380378061e-01
8.685714285714284699e+01 5.262478485370051251e-01
8.700000000000000000e+01 5.262478485370051251e-01
8.714285714285713880e+01 5.263707892795672638e-01
8.728571428571427759e+01 5.275387263339070820e-01
8.742857142857143060e+01 5.275387263339070820e-01
8.757142857142856940e+01 5.283993115318416089e-01
8.771428571428570820e+01 5.296901893287435659e-01
8.785714285714284699e+01 5.301204819277107738e-01
8.800000000000000000e+01 5.305938037865748358e-01
8.814285714285713880e+01 5.311622429567894876e-01
8.828571428571427759e+01 5.322466335931963499e-01
8.842857142857143060e+01 5.314113597246127307e-01
8.857142857142856940e+01 5.325408777969018459e-01
8.871428571428570820e+01 5.333476764199656106e-01
8.885714285714284699e+01 5.341544750430292643e-01
8.900000000000000000e+01 5.388697647733791118e-01
8.914285714285713880e+01 5.386187607573149627e-01
8.928571428571427759e+01 5.388123924268501952e-01
8.942857142857143060e+01 5.389414802065404242e-01
8.957142857142856940e+01 5.398737808376362635e-01
8.971428571428570820e+01 5.400172117039586661e-01
8.985714285714284699e+01 5.408777969018931930e-01
9.000000000000000000e+01 5.413080895008606230e-01
9.014285714285713880e+01 5.417383820998278310e-01
9.028571428571427759e+01 5.425989672977624689e-01
9.042857142857143060e+01 5.430292598967297879e-01
9.057142857142856940e+01 5.434595524956971069e-01
9.071428571428570820e+01 5.434595524956971069e-01
9.085714285714284699e+01 5.438898450946643148e-01
9.100000000000000000e+01 5.438898450946643148e-01
9.114285714285713880e+01 5.443201376936316338e-01
9.128571428571427759e+01 5.447504302925989528e-01
9.142857142857141639e+01 5.451807228915662717e-01
9.157142857142856940e+01 5.460413080895007987e-01
9.171428571428570820e+01 5.473321858864027556e-01
9.185714285714284699e+01 5.477624784853700746e-01
9.200000000000000000e+01 5.464716006884681176e-01
9.214285714285713880e+01 5.447504302925989528e-01
9.228571428571427759e+01 5.478485370051635606e-01
9.242857142857141639e+01 5.477624784853700746e-01
9.257142857142856940e+01 5.481927710843372825e-01
9.271428571428570820e+01 5.492445974373685313e-01
9.285714285714284699e+01 5.495697074010327254e-01
9.300000000000000000e+01 5.500095620577547528e-01
9.314285714285713880e+01 5.509657678332375852e-01
9.328571428571427759e+01 5.509657678332375852e-01
9.342857142857141639e+01 5.514199655765921193e-01
9.357142857142856940e+01 5.516351118760757233e-01
9.371428571428570820e+01 5.519219736087206396e-01
9.385714285714284699e+01 5.524096385542167642e-01
9.400000000000000000e+01 5.527538726333907082e-01
9.414285714285713880e+01 5.499139414802065584e-01
9.428571428571427759e+01 5.512048192771084043e-01
9.442857142857141639e+01 5.520654044750430423e-01
9.457142857142856940e+01 5.529259896729776802e-01
9.471428571428570820e+01 5.533562822719448882e-01
9.485714285714284699e+01 5.529977051061388815e-01
9.500000000000000000e+01 5.526521671099984268e-01
9.514285714285713880e+01 5.529651071819745578e-01
9.528571428571427759e+01 5.521132147638171395e-01
9.542857142857141639e+01 5.507745266781411964e-01
9.557142857142856940e+01 5.516351118760757233e-01
9.571428571428570820e+01 5.516351118760757233e-01
9.585714285714284699e+01 5.516351118760757233e-01
9.600000000000000000e+01 5.512526295658826125e-01
9.614285714285713880e+01 5.515275387263338658e-01
9.628571428571427759e+01 5.524956970740102502e-01
9.642857142857141639e+01 5.526186378165723889e-01
9.657142857142856940e+01 5.529259896729776802e-01
9.671428571428570820e+01 5.516351118760757233e-01
9.685714285714284699e+01 5.520654044750430423e-01
9.700000000000000000e+01 5.516351118760757233e-01
9.714285714285713880e+01 5.516351118760757233e-01
9.728571428571427759e+01 5.520654044750430423e-01
9.742857142857141639e+01 5.520654044750430423e-01
9.757142857142856940e+01 5.524956970740102502e-01
9.771428571428570820e+01 5.587656749446767712e-01
9.785714285714284699e+01 5.587656749446767712e-01
9.800000000000000000e+01 5.589978963472939100e-01
9.814285714285713880e+01 5.589978963472939100e-01
9.828571428571427759e+01 5.595955249569707357e-01
9.842857142857141639e+01 5.600423672712828704e-01
9.857142857142856940e+01 5.597030981067125932e-01
9.871428571428570820e+01 5.604868453405458251e-01
9.885714285714284699e+01 5.600423672712828704e-01
9.900000000000000000e+01 5.603843947217441723e-01
9.914285714285713880e+01 5.603843947217441723e-01
9.928571428571427759e+01 5.603843947217441723e-01
9.942857142857141639e+01 5.608367536078379123e-01
9.957142857142856940e+01 5.608367536078379123e-01
9.971428571428570820e+01 5.617326448651749349e-01
9.985714285714284699e+01 5.613704819277107738e-01
1.000000000000000000e+02 5.613704819277107738e-01
1.001428571428571388e+02 5.609294320137694356e-01
1.002857142857142776e+02 5.609294320137694356e-01
1.004285714285714164e+02 5.609294320137694356e-01
1.005714285714285694e+02 5.611015490533561856e-01
1.007142857142857082e+02 5.605483157118268389e-01
1.008571428571428470e+02 5.601085661326625775e-01
1.010000000000000000e+02 5.592239086214989552e-01
1.011428571428571388e+02 5.588783706253586114e-01
1.012857142857142776e+02 5.593141797961074246e-01
1.014285714285714164e+02 5.602409638554216587e-01
1.015714285714285694e+02 5.606712564543889776e-01
1.017142857142857082e+02 5.606712564543889776e-01
1.018571428571428470e+02 5.606712564543889776e-01
1.020000000000000000e+02 5.598106712564543397e-01
1.021428571428571388e+02 5.585197934595524938e-01
1.022857142857142776e+02 5.576592082616178558e-01
1.024285714285714164e+02 5.572289156626506479e-01
1.025714285714285694e+02 5.580895008605851748e-01
1.027142857142857082e+02 5.589500860585197017e-01
1.028571428571428470e+02 5.608433734939759496e-01
1.030000000000000000e+02 5.624917251423275921e-01
1.031428571428571388e+02 5.628227194492254615e-01
1.032857142857142776e+02 5.623924268502581425e-01
1.034285714285714164e+02 5.619621342512908235e-01
1.035714285714285694e+02 5.619621342512908235e-01
1.037142857142857082e+02 5.619621342512908235e-01
1.038571428571428470e+02 5.623924268502581425e-01
1.040000000000000000e+02 5.628227194492254615e-01
1.041428571428571388e+02 5.628227194492254615e-01
1.042857142857142776e+02 5.632530120481927804e-01
1.044285714285714164e+02 5.623924268502581425e-01
1.045714285714285694e+02 5.611015490533561856e-01
1.047142857142857082e+02 5.606712564543889776e-01
1.048571428571428470e+02 5.611015490533561856e-01
1.050000000000000000e+02 5.615318416523236156e-01
1.051428571428571388e+02 5.619621342512908235e-01
1.052857142857142776e+02 5.619621342512908235e-01
1.054285714285714164e+02 5.619621342512908235e-01
1.055714285714285694e+02 5.619621342512908235e-01
1.057142857142857082e+02 5.615318416523236156e-01
1.058571428571428470e+02 5.615318416523236156e-01
1.060000000000000000e+02 5.611015490533561856e-01
1.061428571428571388e+02 5.606712564543889776e-01
1.062857142857142776e+02 5.606712564543889776e-01
1.064285714285714164e+02 5.611015490533561856e-01
1.065714285714285694e+02 5.611015490533561856e-01
1.067142857142857082e+02 5.611015490533561856e-01
1.068571428571428470e+02 5.611015490533561856e-01
1.070000000000000000e+02 5.615318416523236156e-01
1.071428571428571388e+02 5.615318416523236156e-01
1.072857142857142776e+02 5.615318416523236156e-01
1.074285714285714164e+02 5.615318416523236156e-01
1.075714285714285694e+02 5.615318416523236156e-01
1.077142857142857082e+02 5.611015490533561856e-01
1.078571428571428470e+02 5.606712564543889776e-01
1.080000000000000000e+02 5.602409638554216587e-01
1.081428571428571388e+02 5.602409638554216587e-01
1.082857142857142776e+02 5.602409638554216587e-01
1.084285714285714164e+02 5.606712564543889776e-01
1.085714285714285694e+02 5.606712564543889776e-01
1.087142857142857082e+02 5.606712564543889776e-01
1.088571428571428470e+02 5.606712564543889776e-01
1.090000000000000000e+02 5.602409638554216587e-01
1.091428571428571388e+02 5.602409638554216587e-01
1.092857142857142776e+02 5.598106712564543397e-01
1.094285714285714164e+02 5.593803786574871317e-01
1.095714285714285694e+02 5.588066551921972991e-01
1.097142857142857082e+02 5.586919104991394658e-01
1.098571428571428470e+02 5.586919104991394658e-01
1.100000000000000000e+02 5.586919104991394658e-01
1.101428571428571388e+02 5.582329317269075775e-01
1.102857142857142776e+02 5.577452667814113418e-01
1.104285714285714164e+02 5.575027382256299013e-01
1.105714285714285694e+02 5.575027382256299013e-01
1.107142857142857082e+02 5.570567986230636759e-01
1.108571428571428470e+02 5.567986230636832179e-01
1.110000000000000000e+02 5.559380378657486910e-01
1.111428571428571388e+02 5.550774526678141640e-01
1.112857142857142776e+02 5.550774526678141640e-01
1.114285714285714164e+02 5.542168674698795261e-01
1.115714285714285694e+02 5.537865748709122071e-01
1.117142857142857082e+02 5.533562822719448882e-01
1.118571428571428470e+02 5.524956970740102502e-01
1.120000000000000000e+02 5.528184165232357117e-01
1.121428571428571388e+02 5.535714285714286031e-01
1.122857142857142776e+02 5.529737999617516664e-01
1.124285714285714164e+02 5.529737999617516664e-01
1.125714285714285694e+02 5.519219736087206396e-01
1.127142857142857082e+02 5.522805507745266462e-01
1.128571428571428470e+02 5.510972461273666578e-01
1.130000000000000000e+02 5.510204081632652517e-01
1.131428571428571388e+02 5.507745266781411964e-01
1.132857142857142776e+02 5.499139414802065584e-01
1.134285714285714164e+02 5.514199655765921193e-01
1.135714285714285694e+02 5.456110154905335907e-01
1.137142857142857082e+02 5.447504302925989528e-01
1.138571428571428470e+02 5.507745266781411964e-01
1.140000000000000000e+02 5.507745266781411964e-01
1.141428571428571388e+02 5.507745266781411964e-01
1.142857142857142776e+02 5.512048192771084043e-01
1.144285714285714164e+02 5.512048192771084043e-01
1.145714285714285694e+02 5.507745266781411964e-01
1.147142857142857082e+02 5.507745266781411964e-01
1.148571428571428470e+02 5.503442340791737664e-01
1.150000000000000000e+02 5.499139414802065584e-01
1.151428571428571388e+02 5.488547596981331322e-01
1.152857142857142776e+02 5.494836488812392394e-01
1.154285714285714164e+02 5.499139414802065584e-01
1.155714285714285694e+02 5.491315913002660087e-01
1.157142857142857082e+02 5.484796328169823099e-01
1.158571428571428470e+02 5.477624784853700746e-01
1.160000000000000000e+02 5.477624784853700746e-01
1.161428571428571388e+02 5.477624784853700746e-01
1.162857142857142776e+02 5.477624784853700746e-01
1.164285714285714164e+02 5.492445974373685313e-01
1.165714285714285694e+02 5.499139414802065584e-01
1.167142857142857082e+02 5.503442340791737664e-01
1.168571428571428470e+02 5.503442340791737664e-01
1.170000000000000000e+02 5.499139414802065584e-01
1.171428571428571388e+02 5.477624784853700746e-01
1.172857142857142776e+02 5.464716006884681176e-01
1.174285714285714164e+02 5.461273666092942847e-01
1.175714285714285694e+02 5.461273666092942847e-01
1.177142857142857082e+02 5.453528399311531327e-01
1.178571428571428470e+02 5.450372920252438691e-01
1.180000000000000000e+02 5.450372920252438691e-01
1.181428571428571388e+02 5.442723274048575366e-01
1.182857142857142776e+02 5.442723274048575366e-01
1.184285714285714164e+02 5.434595524956971069e-01
1.185714285714285694e+02 5.425989672977624689e-01
1.187142857142857082e+02 5.442586673223506200e-01
1.188571428571428470e+02 5.441767068273092312e-01
1.190000000000000000e+02 5.438898450946643148e-01
1.191428571428571388e+02 5.427423981640848716e-01
1.192857142857142776e+02 5.415949512335054283e-01
1.194285714285714164e+02 5.411359724612736510e-01
1.195714285714285694e+02 5.413863245188546003e-01
1.197142857142857082e+02 5.417383820998278310e-01
1.198571428571428470e+02 5.415662650602408590e-01
1.200000000000000000e+02 5.415662650602408590e-01
1.201428571428571388e+02 5.409853700516351616e-01
1.202857142857142776e+02 5.410212277682155957e-01
1.204285714285714164e+02 5.415662650602408590e-01
1.205714285714285694e+02 5.417383820998278310e-01
1.207142857142857082e+02 5.417383820998278310e-01
1.208571428571428470e+02 5.413080895008606230e-01
1.210000000000000000e+02 5.412363740676993107e-01
1.211428571428571388e+02 5.405335628227194711e-01
1.212857142857142776e+02 5.400563292129556547e-01
1.214285714285714164e+02 5.395869191049913471e-01
1.215714285714285694e+02 5.395869191049913471e-01
1.217142857142857082e+02 5.392795672485861669e-01
1.218571428571428470e+02 5.392795672485861669e-01
1.220000000000000000e+02 5.387263339070567092e-01
1.221428571428571388e+02 5.388410786001147645e-01
1.222857142857142776e+02 5.392104130808950124e-01
1.224285714285714164e+02 5.389558232931725978e-01
1.225714285714285694e+02 5.386648635357758064e-01
1.227142857142857082e+02 5.386648635357758064e-01
1.228571428571428470e+02 5.386648635357758064e-01
1.230000000000000000e+02 5.389414802065404242e-01
1.231428571428571388e+02 5.389414802065404242e-01
1.232857142857142776e+02 5.389414802065404242e-01
1.234285714285714164e+02 5.384916288530745554e-01
1.235714285714285694e+02 5.380091795754445849e-01
1.237142857142857082e+02 5.382629418773996477e-01
1.238571428571428470e+02 5.377223178427997796e-01
1.240000000000000000e+02 5.380091795754445849e-01
1.241428571428571388e+02 5.384916288530745554e-01
1.242857142857142776e+02 5.383351588170864899e-01
1.244285714285714164e+02 5.386307133295085148e-01
1.245714285714285694e+02 5.391566265060241392e-01
1.247142857142857082e+02 5.386402753872632232e-01
1.248571428571428470e+02 5.380569898642186821e-01
1.250000000000000000e+02 5.383820998278829872e-01
1.251428571428571388e+02 5.382960413080895012e-01
1.252857142857142776e+02 5.382960413080895012e-01
1.254285714285714164e+02 5.374354561101548633e-01
1.255714285714285694e+02 5.370051635111876553e-01
1.257142857142857082e+02 5.344234079173837415e-01
1.258571428571428470e+02 5.355421686746987264e-01
1.260000000000000000e+02 5.362880091795754200e-01
1.261428571428571388e+02 5.357534032232826871e-01
1.262857142857142776e+02 5.351979345955248935e-01
1.264285714285714164e+02 5.361445783132530174e-01
1.265714285714285694e+02 5.352839931153183795e-01
1.267142857142857082e+02 5.348537005163511715e-01
1.268571428571428470e+02 5.344234079173837415e-01
1.270000000000000000e+02 5.344234079173837415e-01
1.271428571428571388e+02 5.339931153184165336e-01
1.272857142857142776e+02 5.344234079173837415e-01
1.274285714285714164e+02 5.344234079173837415e-01
1.275714285714285694e+02 5.344234079173837415e-01
1.277142857142857082e+02 5.344234079173837415e-01
1.278571428571428470e+02 5.344234079173837415e-01
1.280000000000000000e+02 5.339931153184165336e-01
1.281428571428571388e+02 5.335628227194492146e-01
1.282857142857142776e+02 5.331325301204818956e-01
1.284285714285714164e+02 5.331325301204818956e-01
1.285714285714285552e+02 5.331325301204818956e-01
1.287142857142856940e+02 5.335628227194492146e-01
1.288571428571428612e+02 5.335628227194492146e-01
1.290000000000000000e+02 5.335628227194492146e-01
1.291428571428571388e+02 5.331325301204818956e-01
1.292857142857142776e+02 5.327022375215146877e-01
1.294285714285714164e+02 5.311796637097842000e-01
1.295714285714285552e+02 5.301204819277107738e-01
1.297142857142856940e+02 5.301204819277107738e-01
1.298571428571428612e+02 5.303852773732291581e-01
1.300000000000000000e+02 5.300487664945495725e-01
1.301428571428571388e+02 5.305176750959883503e-01
1.302857142857142776e+02 5.314113597246127307e-01
1.304285714285714164e+02 5.309810671256454118e-01
1.305714285714285552e+02 5.296901893287435659e-01
1.307142857142856940e+02 5.292598967297762469e-01
1.308571428571428612e+02 5.292598967297762469e-01
1.310000000000000000e+02 5.288296041308089279e-01
1.311428571428571388e+02 5.279690189328742900e-01
1.312857142857142776e+02 5.279690189328742900e-01
1.314285714285714164e+02 5.275387263339070820e-01
1.315714285714285552e+02 5.275387263339070820e-01
1.317142857142856940e+02 5.279690189328742900e-01
1.318571428571428612e+02 5.279690189328742900e-01
1.320000000000000000e+02 5.276951963698950365e-01
1.321428571428571388e+02 5.274526678141135960e-01
1.322857142857142776e+02 5.274526678141135960e-01
1.324285714285714164e+02 5.272518646012621657e-01
1.325714285714285552e+02 5.272518646012621657e-01
1.327142857142856940e+02 5.272518646012621657e-01
1.328571428571428612e+02 5.270469633636587492e-01
1.330000000000000000e+02 5.279690189328742900e-01
1.331428571428571388e+02 5.279690189328742900e-01
1.332857142857142776e+02 5.279690189328742900e-01
1.334285714285714164e+02 5.279690189328742900e-01
1.335714285714285552e+02 5.283993115318416089e-01
1.337142857142856940e+02 5.288296041308089279e-01
1.338571428571428612e+02 5.236660929432013223e-01
1.340000000000000000e+02 5.240963855421686413e-01
1.341428571428571388e+02 5.237275633144824472e-01
1.342857142857142776e+02 5.229489386115890870e-01
1.344285714285714164e+02 5.225903614457831914e-01
1.345714285714285552e+02 5.229899188591098369e-01
1.347142857142856940e+02 5.230206540447503993e-01
1.348571428571428612e+02 5.228055077452666843e-01
1.350000000000000000e+02 5.223752151462994764e-01
1.351428571428571388e+02 5.223752151462994764e-01
1.352857142857142776e+02 5.231905063864479288e-01
1.354285714285714164e+02 5.232358003442341143e-01
1.355714285714285552e+02 5.239350258175559105e-01
1.357142857142856940e+02 5.240301866807890452e-01
1.358571428571428612e+02 5.240963855421686413e-01
1.360000000000000000e+02 5.240963855421686413e-01
1.361428571428571388e+02 5.233314209217823088e-01
1.362857142857142776e+02 5.239399155061805757e-01
1.364285714285714164e+02 5.239399155061805757e-01
1.365714285714285552e+02 5.237139032319755305e-01
1.367142857142856940e+02 5.239242685025817803e-01
1.368571428571428612e+02 5.242528555781567068e-01
1.370000000000000000e+02 5.239639878194094491e-01
1.371428571428571388e+02 5.242398164084910439e-01
1.372857142857142776e+02 5.247222656861211254e-01
1.374285714285714164e+02 5.245266781411359602e-01
1.375714285714285552e+02 5.243422670272928077e-01
1.377142857142856940e+02 5.242398164084910439e-01
1.378571428571428612e+02 5.251721170395868832e-01
1.380000000000000000e+02 5.258175559380378061e-01
1.381428571428571388e+02 5.236660929432013223e-01
1.382857142857142776e+02 5.244406196213424742e-01
1.384285714285714164e+02 5.236660929432013223e-01
1.385714285714285552e+02 5.230206540447503993e-01
1.387142857142856940e+02 5.225903614457831914e-01
1.388571428571428612e+02 5.219118231166424149e-01
1.390000000000000000e+02 5.209982788296041445e-01
1.391428571428571388e+02 5.178141135972461617e-01
1.392857142857142776e+02 5.192046381012771494e-01
1.394285714285714164e+02 5.196500286861732709e-01
1.395714285714285552e+02 5.221908040324563238e-01
1.397142857142856940e+02 5.229899188591098369e-01
1.398571428571428612e+02 5.229899188591098369e-01
1.400000000000000000e+02 5.229489386115890870e-01
1.401428571428571388e+02 5.233922703802220688e-01
1.402857142857142776e+02 5.201008114089009648e-01
1.404285714285714164e+02 5.213160333642260502e-01
1.405714285714285552e+02 5.204388984509467075e-01
1.407142857142856940e+02 5.210512379187077769e-01
1.408571428571428612e+02 5.198795180722891596e-01
1.410000000000000000e+02 5.193631669535283546e-01
1.411428571428571388e+02 5.193631669535283546e-01
1.412857142857142776e+02 5.193631669535283546e-01
1.414285714285714164e+02 5.193631669535283546e-01
1.415714285714285552e+02 5.197934595524956736e-01
1.417142857142856940e+02 5.193631669535283546e-01
1.418571428571428612e+02 5.193631669535283546e-01
1.420000000000000000e+02 5.189328743545611466e-01
1.421428571428571388e+02 5.180722891566265087e-01
1.422857142857142776e+02 5.172117039586918708e-01
1.424285714285714164e+02 5.167814113597246628e-01
1.425714285714285552e+02 5.159208261617900249e-01
1.427142857142856940e+02 5.150602409638553869e-01
1.428571428571428612e+02 5.146299483648881790e-01
1.430000000000000000e+02 5.203098106712564785e-01
1.431428571428571388e+02 5.195475780673715072e-01
1.432857142857142776e+02 5.202237521514629925e-01
1.434285714285714164e+02 5.185025817555937167e-01
1.435714285714285552e+02 5.180722891566265087e-01
1.437142857142856940e+02 5.164586919104992013e-01
1.438571428571428612e+02 5.170620369677467743e-01
1.440000000000000000e+02 5.166249413237364863e-01
1.441428571428571388e+02 5.168244406196212948e-01
1.442857142857142776e+02 5.159208261617900249e-01
1.444285714285714164e+02 5.155724940578640947e-01
1.445714285714285552e+02 5.152323580034423589e-01
1.447142857142856940e+02 5.142857142857142350e-01
1.448571428571428612e+02 5.142857142857142350e-01
1.450000000000000000e+02 5.134681583476763400e-01
1.451428571428571388e+02 5.113372745640949457e-01
1.452857142857142776e+02 5.126370142223027893e-01
1.454285714285714164e+02 5.140562248995983463e-01
1.455714285714285552e+02 5.117469879518071751e-01
1.457142857142856940e+02 5.136833046471600550e-01
1.458571428571428612e+02 5.135542168674698260e-01
1.460000000000000000e+02 5.138841078600113743e-01
1.461428571428571388e+02 5.138841078600113743e-01
1.462857142857142776e+02 5.134466437177280795e-01
1.464285714285714164e+02 5.137693631669535410e-01
1.465714285714285552e+02 5.137693631669535410e-01
1.467142857142856940e+02 5.133390705679862220e-01
1.468571428571428612e+02 5.133390705679862220e-01
1.470000000000000000e+02 5.133390705679862220e-01
1.471428571428571388e+02 5.146299483648881790e-01
1.472857142857142776e+02 5.139212311430596536e-01
1.474285714285714164e+02 5.134466437177280795e-01
1.475714285714285552e+02 5.137693631669535410e-01
1.477142857142856940e+02 5.120481927710842651e-01
1.478571428571428612e+02 5.109581181870338495e-01
1.480000000000000000e+02 5.098106712564542953e-01
1.481428571428571388e+02 5.098106712564542953e-01
1.482857142857142776e+02 5.102655520039340864e-01
1.484285714285714164e+02 5.098967297762477813e-01
1.485714285714285552e+02 5.098967297762477813e-01
1.487142857142856940e+02 5.109186746987951500e-01
1.488571428571428612e+02 5.120481927710842651e-01
1.490000000000000000e+02 5.107320036448315115e-01
1.491428571428571388e+02 5.097701731294927985e-01
1.492857142857142776e+02 5.097701731294927985e-01
1.494285714285714164e+02 5.092512908777968583e-01
1.495714285714285552e+02 5.092820260634374208e-01
1.497142857142856940e+02 5.084072553952071472e-01
1.498571428571428612e+02 5.084072553952071472e-01
1.500000000000000000e+02 5.084072553952071472e-01
1.501428571428571388e+02 5.084072553952071472e-01
1.502857142857142776e+02 5.078114656427910045e-01
1.504285714285714164e+02 5.074584050487664921e-01
1.505714285714285552e+02 5.066499765294946167e-01
1.507142857142856940e+02 5.079477574162194475e-01
1.508571428571428612e+02 5.079477574162194475e-01
1.510000000000000000e+02 5.077452667814112974e-01
1.511428571428571388e+02 5.073149741824440895e-01
1.512857142857142776e+02 5.073149741824440895e-01
1.514285714285714164e+02 5.073149741824440895e-01
1.515714285714285552e+02 5.073149741824440895e-01
1.517142857142856940e+02 5.076946441227093709e-01
1.518571428571428612e+02 5.072611876075731052e-01
1.520000000000000000e+02 5.066388000983526041e-01
1.521428571428571388e+02 5.063550906924401129e-01
1.522857142857142776e+02 5.063550906924401129e-01
1.524285714285714164e+02 5.063550906924401129e-01
1.525714285714285552e+02 5.063550906924401129e-01
1.527142857142856940e+02 5.057167445291368413e-01
1.528571428571428612e+02 5.057013769363166711e-01
1.530000000000000000e+02 5.055938037865748136e-01
1.531428571428571388e+02 5.051635111876076056e-01
1.532857142857142776e+02 5.052710843373493521e-01
1.534285714285714164e+02 5.046339202965708370e-01
1.535714285714285552e+02 5.053547523427041055e-01
1.537142857142856940e+02 5.045897877223178840e-01
1.538571428571428612e+02 5.041308089500859957e-01
1.540000000000000000e+02 5.022948938611588865e-01
1.541428571428571388e+02 5.002647954455182733e-01
1.542857142857142776e+02 5.009323006310958393e-01
1.544285714285714164e+02 5.000860585197934860e-01
1.545714285714285552e+02 4.979714777477255438e-01
1.547142857142856940e+02 4.979714777477255438e-01
1.548571428571428612e+02 4.971723629210720308e-01
1.550000000000000000e+02 4.971723629210720308e-01
1.551428571428571388e+02 4.967297762478485312e-01
1.552857142857142776e+02 4.961273666092943513e-01
1.554285714285714164e+02 4.965576592082615592e-01
1.555714285714285552e+02 4.965576592082615592e-01
1.557142857142856940e+02 4.958995646451351824e-01
1.558571428571428612e+02 4.954281411359724441e-01
1.560000000000000000e+02 4.949512335054503387e-01
1.561428571428571388e+02 4.942053930005736451e-01
1.562857142857142776e+02 4.940332759609867841e-01
1.564285714285714164e+02 4.939759036144578674e-01
1.565714285714285552e+02 4.938529628718957287e-01
1.567142857142856940e+02 4.934595524956970625e-01
1.568571428571428612e+02 4.945496270797474780e-01
1.570000000000000000e+02 4.945496270797474780e-01
1.571428571428571388e+02 4.918722509083954808e-01
1.572857142857142776e+02 4.905997616840990228e-01
1.574285714285714164e+02 4.899377730703031730e-01
1.575714285714285552e+02 4.899377730703031730e-01
1.577142857142856940e+02 4.899377730703031730e-01
1.578571428571428612e+02 4.903901319563970240e-01
1.580000000000000000e+02 4.900641527147551191e-01
1.581428571428571388e+02 4.900641527147551191e-01
1.582857142857142776e+02 4.898715742089236880e-01
1.584285714285714164e+02 4.897877223178427331e-01
1.585714285714285552e+02 4.896729776247847887e-01
1.587142857142856940e+02 4.888123924268502618e-01
1.588571428571428612e+02 4.883820998278829428e-01
1.590000000000000000e+02 4.883820998278829428e-01
1.591428571428571388e+02 4.896729776247847887e-01
1.592857142857142776e+02 4.890813253012048500e-01
1.594285714285714164e+02 4.890813253012048500e-01
1.595714285714285552e+02 4.890813253012048500e-01
1.597142857142856940e+02 4.890813253012048500e-01
1.598571428571428612e+02 4.887111471094461868e-01
1.600000000000000000e+02 4.887617697681482243e-01
1.601428571428571388e+02 4.887617697681482243e-01
1.602857142857142776e+02 4.887617697681482243e-01
1.604285714285714164e+02 4.877059257437914574e-01
1.605714285714285552e+02 4.877059257437914574e-01
1.607142857142856940e+02 4.886689615605278592e-01
1.608571428571428612e+02 4.880180060902952199e-01
1.610000000000000000e+02 4.877366609294320199e-01
1.611428571428571388e+02 4.877366609294320199e-01
1.612857142857142776e+02 4.874354561101548189e-01
1.614285714285714164e+02 4.870912220309810969e-01
1.615714285714285552e+02 4.870912220309810969e-01
1.617142857142856940e+02 4.875932300631096172e-01
1.618571428571428612e+02 4.878856083675360278e-01
1.620000000000000000e+02 4.873780837636259022e-01
1.621428571428571388e+02 4.873780837636259022e-01
1.622857142857142776e+02 4.873780837636259022e-01
1.624285714285714164e+02 4.873780837636259022e-01
1.625714285714285552e+02 4.870129870129870087e-01
1.627142857142856940e+02 4.870129870129870087e-01
1.628571428571428612e+02 4.870129870129870087e-01
1.630000000000000000e+02 4.872633390705679579e-01
1.631428571428571388e+02 4.872633390705679579e-01
1.632857142857142776e+02 4.872633390705679579e-01
1.634285714285714164e+02 4.862306368330464590e-01
1.635714285714285552e+02 4.862306368330464590e-01
1.637142857142856940e+02 4.855686482192506093e-01
1.638571428571428612e+02 4.853700516351118210e-01
1.640000000000000000e+02 4.838332923530856977e-01
1.641428571428571388e+02 4.838332923530856977e-01
1.642857142857142776e+02 4.836488812392426562e-01
1.644285714285714164e+02 4.832185886402753372e-01
1.645714285714285552e+02 4.836488812392426562e-01
1.647142857142856940e+02 4.840791738382099751e-01
1.648571428571428612e+02 4.844234079173838081e-01
1.650000000000000000e+02 4.839931153184164891e-01
1.651428571428571388e+02 4.839931153184164891e-01
1.652857142857142776e+02 4.837923121055650588e-01
1.654285714285714164e+02 4.842635849520530167e-01
1.655714285714285552e+02 4.852744310575636266e-01
1.657142857142856940e+02 4.853700516351118210e-01
1.658571428571428612e+02 4.845094664371772941e-01
1.660000000000000000e+02 4.827882960413080182e-01
1.661428571428571388e+02 4.819277108433734913e-01
1.662857142857142776e+02 4.819277108433734913e-01
1.664285714285714164e+02 4.823911028730305528e-01
1.665714285714285552e+02 4.834502846551038679e-01
1.667142857142856940e+02 4.826448651749857266e-01
1.668571428571428612e+02 4.831854892095855947e-01
1.670000000000000000e+02 4.825731497418244142e-01
1.671428571428571388e+02 4.825731497418244142e-01
1.672857142857142776e+02 4.822406509153497334e-01
1.674285714285714164e+02 4.827022375215146432e-01
1.675714285714285552e+02 4.824058137311149075e-01
1.677142857142856940e+02 4.824058137311149075e-01
1.678571428571428612e+02 4.822406509153497334e-01
1.680000000000000000e+02 4.822406509153497334e-01
1.681428571428571388e+02 4.822406509153497334e-01
1.682857142857142776e+02 4.825731497418244142e-01
1.684285714285714164e+02 4.817842799770510887e-01
1.685714285714285552e+02 4.810671256454388534e-01
1.687142857142856940e+02 4.806368330464715344e-01
1.688571428571428612e+02 4.797762478485370075e-01
1.690000000000000000e+02 4.797431484178471539e-01
1.691428571428571388e+02 4.798049340218014658e-01
1.692857142857142776e+02 4.800989672977624689e-01
1.694285714285714164e+02 4.802727393088839225e-01
1.695714285714285552e+02 4.805651176133103331e-01
1.697142857142856940e+02 4.792025243832472858e-01
1.698571428571428612e+02 4.800221293336611739e-01
1.700000000000000000e+02 4.806037336157817919e-01
1.701428571428571388e+02 4.814974182444061723e-01
1.702857142857142776e+02 4.798093472792267500e-01
1.704285714285714164e+02 4.786574870912220225e-01
1.705714285714285552e+02 4.786574870912220225e-01
1.707142857142856940e+02 4.788825632199126270e-01
1.708571428571428612e+02 4.786083107941971893e-01
1.710000000000000000e+02 4.780550774526678426e-01
1.711428571428571388e+02 4.774923871309413315e-01
1.712857142857142776e+02 4.777030198716946119e-01
1.714285714285714164e+02 4.770951939626637550e-01
1.715714285714285552e+02 4.766412589132038580e-01
1.717142857142856940e+02 4.769936890418817743e-01
1.718571428571428612e+02 4.765490533562822817e-01
1.720000000000000000e+02 4.773857334098297045e-01
1.721428571428571388e+02 4.773857334098297045e-01
1.722857142857142776e+02 4.773857334098297045e-01
1.724285714285714164e+02 4.772423025435073018e-01
1.725714285714285552e+02 4.772423025435073018e-01
1.727142857142856940e+02 4.772423025435073018e-01
1.728571428571428612e+02 4.773020654044750621e-01
1.730000000000000000e+02 4.778272754885086737e-01
1.731428571428571388e+02 4.769936890418817743e-01
1.732857142857142776e+02 4.774403737398573710e-01
1.734285714285714164e+02 4.766412589132038580e-01
1.735714285714285552e+02 4.761904761904761640e-01
1.737142857142856940e+02 4.761904761904761640e-01
1.738571428571428612e+02 4.761904761904761640e-01
1.740000000000000000e+02 4.753872633390705538e-01
1.741428571428571388e+02 4.761331038439471364e-01
1.742857142857142776e+02 4.765183181706417193e-01
1.744285714285714164e+02 4.762724366855175528e-01
1.745714285714285552e+02 4.762724366855175528e-01
1.747142857142856940e+02 4.766494549627079413e-01
1.748571428571428612e+02 4.769793459552496007e-01
1.750000000000000000e+02 4.774436090225563367e-01
1.751428571428571388e+02 4.770032510996367048e-01
1.752857142857142776e+02 4.764952667814112974e-01
1.754285714285714164e+02 4.761187607573149627e-01
1.755714285714285552e+02 4.756741250717154701e-01
1.757142857142856940e+02 4.752274403737397623e-01
1.758571428571428612e+02 4.752274403737397623e-01
1.760000000000000000e+02 4.752274403737397623e-01
1.761428571428571388e+02 4.748995983935743181e-01
1.762857142857142776e+02 4.745736191519324132e-01
1.764285714285714164e+02 4.744406196213424298e-01
1.765714285714285552e+02 4.737912689719918635e-01
1.767142857142856940e+02 4.726333907056798900e-01
1.768571428571428612e+02 4.711312783601940835e-01
1.770000000000000000e+02 4.715224534501643028e-01
1.771428571428571388e+02 4.699655765920826012e-01
1.772857142857142776e+02 4.699655765920826012e-01
1.774285714285714164e+02 4.697074010327021432e-01
1.775714285714285552e+02 4.719918635581286104e-01
1.777142857142856940e+02 4.719918635581286104e-01
1.778571428571428612e+02 4.707401032702237531e-01
1.780000000000000000e+02 4.710269650028686694e-01
1.781428571428571388e+02 4.710269650028686694e-01
1.782857142857142776e+02 4.705053982162415993e-01
1.784285714285714164e+02 4.705053982162415993e-01
1.785714285714285552e+02 4.699655765920826012e-01
1.787142857142856940e+02 4.693318729463307193e-01
1.788571428571428612e+02 4.683017785427423529e-01
1.790000000000000000e+02 4.683017785427423529e-01
1.791428571428571388e+02 4.677895254487336452e-01
1.792857142857142776e+02 4.681583476764199503e-01
1.794285714285714164e+02 4.681583476764199503e-01
1.795714285714285552e+02 4.672977624784853123e-01
1.797142857142856940e+02 4.672977624784853123e-01
1.798571428571428612e+02 4.668674698795181044e-01
1.800000000000000000e+02 4.668674698795181044e-01
1.801428571428571388e+02 4.664371772805507854e-01
1.802857142857142776e+02 4.657089898053753396e-01
1.804285714285714164e+02 4.657089898053753396e-01
1.805714285714285552e+02 4.654331612162937448e-01
1.807142857142856940e+02 4.649808023301998938e-01
1.808571428571428612e+02 4.642526148550244480e-01
1.810000000000000000e+02 4.642526148550244480e-01
1.811428571428571388e+02 4.642526148550244480e-01
1.812857142857142776e+02 4.645315957708384680e-01
1.814285714285714164e+02 4.648484046074408127e-01
1.815714285714285552e+02 4.655103932212365514e-01
1.817142857142856940e+02 4.651462994836488285e-01
1.818571428571428612e+02 4.658224735677404249e-01
1.820000000000000000e+02 4.667445291369559657e-01
1.821428571428571388e+02 4.667445291369559657e-01
1.822857142857142776e+02 4.672315636171057163e-01
1.824285714285714164e+02 4.672315636171057163e-01
1.825714285714285552e+02 4.664371772805507854e-01
1.827142857142856940e+02 4.664371772805507854e-01
1.828571428571428328e+02 4.664371772805507854e-01
1.830000000000000000e+02 4.661503155479058691e-01
1.831428571428571388e+02 4.654331612162937448e-01
1.832857142857142776e+02 4.645315957708384680e-01
1.834285714285714164e+02 4.637939513154659688e-01
1.835714285714285552e+02 4.645725760183592179e-01
1.837142857142856940e+02 4.636833046471600106e-01
1.838571428571428328e+02 4.627366609294319977e-01
1.840000000000000000e+02 4.625645438898450257e-01
1.841428571428571388e+02 4.605695509309966074e-01
1.842857142857142776e+02 4.613453815261043811e-01
1.844285714285714164e+02 4.604130808950085418e-01
1.845714285714285552e+02 4.592656339644290986e-01
1.847142857142856940e+02 4.578313253012048500e-01
1.848571428571428328e+02 4.577530902832107618e-01
1.850000000000000000e+02 4.558028030489303939e-01
1.851428571428571388e+02 4.542660437669043816e-01
1.852857142857142776e+02 4.543889845094664093e-01
1.854285714285714164e+02 4.533132530120481674e-01
1.855714285714285552e+02 4.540543124880473957e-01
1.857142857142856940e+02 4.539333805811480715e-01
1.858571428571428328e+02 4.537435456110154863e-01
1.860000000000000000e+02 4.528522252274402859e-01
1.861428571428571388e+02 4.524956970740102724e-01
1.862857142857142776e+02 4.518686992869436203e-01
1.864285714285714164e+02 4.514056224899597458e-01
1.865714285714285552e+02 4.509466437177280795e-01
1.867142857142856940e+02 4.495878249841470664e-01
1.868571428571428328e+02 4.490103270223751997e-01
1.870000000000000000e+02 4.502184562425526337e-01
1.871428571428571388e+02 4.502184562425526337e-01
1.872857142857142776e+02 4.502184562425526337e-01
1.874285714285714164e+02 4.498709122203098376e-01
1.875714285714285552e+02 4.494902687673771879e-01
1.877142857142856940e+02 4.479345955249569577e-01
1.878571428571428328e+02 4.487620812922017421e-01
1.880000000000000000e+02 4.497418244406196086e-01
1.881428571428571388e+02 4.493484140644209424e-01
1.882857142857142776e+02 4.481067125645439297e-01
1.884285714285714164e+02 4.460290140152446403e-01
1.885714285714285552e+02 4.459265633964428766e-01
1.887142857142856940e+02 4.460290140152446403e-01
1.888571428571428328e+02 4.469085131735733851e-01
1.890000000000000000e+02 4.463747848537005236e-01
1.891428571428571388e+02 4.477911646586345551e-01
1.892857142857142776e+02 4.479345955249569577e-01
1.894285714285714164e+02 4.482324904011650846e-01
1.895714285714285552e+02 4.466437177280551118e-01
1.897142857142856940e+02 4.459982788296040779e-01
1.898571428571428328e+02 4.468895992131792783e-01
1.900000000000000000e+02 4.467871485943774035e-01
1.901428571428571388e+02 4.467871485943774035e-01
1.902857142857142776e+02 4.464716006884681399e-01
1.904285714285714164e+02 4.464716006884681399e-01
1.905714285714285552e+02 4.453528399311531549e-01
1.907142857142856940e+02 4.453528399311531549e-01
1.908571428571428328e+02 4.469305794606999171e-01
1.910000000000000000e+02 4.505163511187607606e-01
1.911428571428571388e+02 4.444922547332185170e-01
