2.005141388174807027e+00 9.891713747645951571e-01
2.159383033419023157e+00 9.905838041431261898e-01
2.313624678663238843e+00 9.884315308044121506e-01
2.467866323907454973e+00 9.855932203389830004e-01
2.622107969151671103e+00 9.800242130750604908e-01
2.776349614395886789e+00 9.780104132048299537e-01
2.930591259640102919e+00 9.665913370998117093e-01
3.084832904884318605e+00 9.661330822347771186e-01
3.239074550128534735e+00 9.606638418079096464e-01
3.393316195372750421e+00 9.586908000278998587e-01
3.547557840616966551e+00 9.519998206438884392e-01
3.701799485861182681e+00 9.472128060263653726e-01
3.856041131105398367e+00 9.419912776291009537e-01
4.010282776349614053e+00 9.326741996233521848e-01
4.164524421593830183e+00 9.246704331450094072e-01
4.318766066838046314e+00 9.166666666666666297e-01
4.473007712082262444e+00 9.068055771523350073e-01
4.627249357326477686e+00 8.983050847457627608e-01
4.781491002570693816e+00 8.926553672316384080e-01
4.935732647814909946e+00 8.841621450280621186e-01
5.089974293059126076e+00 8.771186440677966045e-01
5.244215938303342206e+00 8.695856873822975786e-01
5.398457583547557448e+00 8.629943502824859447e-01
5.552699228791773578e+00 8.540593116864303447e-01
5.706940874035989708e+00 8.474576271186440302e-01
5.861182519280205838e+00 8.427495291902071806e-01
6.015424164524421080e+00 8.366290018832391873e-01
6.169665809768637210e+00 8.286252354048964097e-01
6.323907455012853340e+00 8.220338983050847759e-01
6.478149100257069470e+00 8.163841807909604231e-01
6.632390745501285600e+00 8.097928436911487893e-01
6.786632390745500842e+00 8.027306967984934039e-01
6.940874035989716972e+00 7.980225988700564432e-01
7.095115681233933103e+00 7.909604519774011688e-01
7.249357326478149233e+00 7.843691148775894240e-01
7.403598971722365363e+00 7.796610169491525744e-01
7.557840616966580605e+00 7.721280602636535484e-01
7.712082262210796735e+00 7.645951035781544114e-01
7.866323907455012865e+00 7.594161958568738102e-01
8.020565552699228107e+00 7.518832391713747842e-01
8.174807197943444237e+00 7.457726236495192396e-01
8.329048843187660367e+00 7.377589453860640134e-01
8.483290488431876497e+00 7.325800376647834122e-01
8.637532133676092627e+00 7.259887005649717784e-01
8.791773778920308757e+00 7.189265536723163930e-01
8.946015424164524887e+00 7.113935969868172560e-01
9.100257069408741017e+00 7.048022598870056221e-01
9.254498714652955371e+00 6.977401129943503477e-01
9.408740359897171501e+00 6.887947269303201780e-01
9.562982005141387631e+00 6.854990583804143611e-01
9.717223650385603761e+00 6.770054594913352819e-01
9.871465295629819892e+00 6.699623352165724466e-01
1.002570694087403602e+01 6.643126177024482049e-01
1.017994858611825215e+01 6.563088512241055383e-01
1.033419023136246828e+01 6.487758945386064013e-01
1.048843187660668441e+01 6.412429378531073754e-01
1.064267352185089877e+01 6.365348399246704147e-01
1.079691516709511490e+01 6.289919714540588291e-01
1.095115681233933103e+01 6.228813559322033955e-01
1.110539845758354716e+01 6.177024482109227943e-01
1.125964010282776329e+01 6.106403013182674089e-01
1.141388174807197942e+01 6.040908139778196073e-01
1.156812339331619555e+01 5.988700564971751739e-01
1.172236503856041168e+01 5.922787193973635400e-01
1.187660668380462781e+01 5.852389920186530370e-01
1.203084832904884216e+01 5.795668549905838018e-01
1.218508997429305829e+01 5.753295668549905928e-01
1.233933161953727442e+01 5.687382297551788479e-01
1.249357326478149055e+01 5.635593220338983578e-01
1.264781491002570668e+01 5.588512241054613972e-01
1.280205655526992281e+01 5.546139359698681881e-01
1.295629820051413894e+01 5.553501112823147068e-01
1.311053984575835507e+01 5.569679849340867239e-01
1.326478149100257120e+01 5.583804143126176456e-01
1.341902313624678555e+01 5.601694915254237239e-01
1.465295629820051460e+01 4.877589453860640134e-01
1.480719794344473073e+01 4.905838041431261898e-01
1.496143958868894508e+01 4.959609475666567624e-01
1.511568123393316121e+01 4.962335216572505425e-01
1.526992287917737734e+01 4.934086629001883662e-01
1.542416452442159347e+01 4.915254237288135819e-01
1.557840616966580960e+01 4.887005649717514055e-01
1.573264781491002573e+01 4.872881355932203729e-01
1.588688946015424186e+01 4.844632768361581965e-01
1.604113110539845621e+01 4.825800376647834122e-01
1.619537275064267234e+01 4.806967984934087390e-01
1.634961439588688847e+01 4.792843691148775953e-01
1.650385604113110460e+01 4.778719397363465626e-01
1.665809768637532073e+01 4.759887005649717784e-01
1.681233933161953686e+01 4.750470809792843863e-01
1.696658097686375299e+01 4.736346516007533536e-01
1.712082262210796912e+01 4.731638418079096020e-01
1.727506426735218525e+01 4.722222222222222099e-01
1.742930591259640138e+01 4.722222222222222099e-01
1.758354755784061751e+01 4.731638418079096020e-01
1.773778920308483364e+01 4.736346516007533536e-01
1.789203084832904977e+01 4.741054613935969941e-01
1.804627249357326590e+01 4.759887005649717784e-01
1.820051413881748203e+01 4.774011299435028111e-01
1.835475578406169461e+01 4.788135593220339548e-01
1.850899742930591074e+01 4.802259887005649874e-01
1.866323907455012687e+01 4.821092278719397717e-01
1.881748071979434300e+01 4.849340866290019481e-01
1.897172236503855913e+01 4.872881355932203729e-01
1.912596401028277526e+01 4.901129943502825492e-01
1.928020565552699139e+01 4.919962335216572225e-01
1.943444730077120752e+01 4.938794726930320067e-01
1.958868894601542365e+01 4.981167608286252158e-01
1.974293059125963978e+01 5.009416195856873921e-01
1.989717223650385591e+01 5.042372881355932090e-01
2.005141388174807204e+01 5.075329566854991370e-01
2.020565552699228817e+01 5.122410546139359866e-01
2.035989717223650430e+01 5.155367231638418035e-01
2.051413881748072043e+01 5.193032015065913720e-01
2.066838046272493656e+01 5.230696798493408295e-01
2.082262210796915269e+01 5.287193973634651822e-01
2.097686375321336882e+01 5.329566854990583913e-01
2.113110539845758495e+01 5.367231638418079598e-01
2.128534704370179753e+01 5.409604519774011688e-01
2.143958868894601366e+01 5.437853107344632342e-01
2.159383033419022979e+01 5.480225988700564432e-01
2.174807197943444592e+01 5.536723163841807960e-01
2.190231362467866205e+01 5.583804143126176456e-01
2.205655526992287818e+01 5.626177024482109656e-01
2.221079691516709431e+01 5.663841807909604231e-01
2.236503856041131044e+01 5.715630885122411353e-01
2.251928020565552657e+01 5.748587570621468412e-01
2.267352185089974270e+01 5.786252354048964097e-01
2.282776349614395883e+01 5.828625235404896188e-01
2.298200514138817496e+01 5.875706214689265794e-01
2.313624678663239109e+01 5.899246704331450042e-01
2.329048843187660722e+01 5.932203389830508211e-01
2.344473007712082335e+01 5.969868173258003896e-01
2.359897172236503948e+01 5.993408662900188144e-01
2.375321336760925561e+01 6.021657250470809908e-01
2.390745501285347174e+01 6.049905838041431672e-01
2.406169665809768432e+01 6.082862523540489841e-01
2.421593830334190045e+01 6.067305330385655004e-01
2.437017994858611658e+01 6.094969061070756311e-01
2.452442159383033271e+01 6.106403013182674089e-01
2.606683804627249401e+01 6.167608286252354022e-01
2.622107969151671014e+01 6.195856873822975786e-01
2.637532133676092627e+01 6.189579409918393171e-01
2.652956298200514240e+01 6.181732580037664349e-01
2.668380462724935853e+01 6.177024482109227943e-01
2.683804627249357111e+01 6.167608286252354022e-01
2.699228791773778724e+01 6.162900188323916506e-01
2.714652956298200337e+01 6.148775894538607290e-01
2.730077120822621950e+01 6.134651600753295853e-01
2.745501285347043563e+01 6.120527306967984416e-01
2.760925449871465176e+01 6.101694915254237683e-01
2.776349614395886789e+01 6.087570621468927357e-01
2.791773778920308402e+01 6.078154425612052325e-01
2.807197943444730015e+01 6.064030131826741998e-01
2.822622107969151628e+01 6.045197740112995266e-01
2.838046272493573241e+01 6.035781544256120235e-01
2.853470437017994854e+01 6.016949152542372392e-01
2.868894601542416467e+01 5.998116760828625660e-01
2.884318766066838080e+01 5.974576271186440302e-01
2.899742930591259693e+01 5.955743879472692459e-01
2.915167095115681306e+01 5.932203389830508211e-01
2.930591259640102919e+01 5.913370998116760369e-01
2.946015424164524532e+01 5.899246704331450042e-01
2.961439588688946145e+01 5.875706214689265794e-01
2.976863753213367403e+01 5.847457627118644030e-01
2.992287917737789016e+01 5.819209039548023377e-01
3.007712082262210629e+01 5.800376647834275534e-01
3.023136246786632242e+01 5.762711864406779849e-01
3.038560411311053855e+01 5.734463276836159196e-01
3.053984575835475468e+01 5.706214689265536322e-01
3.069408740359897081e+01 5.668549905838041747e-01
3.084832904884318694e+01 5.640301318267419983e-01
3.100257069408740307e+01 5.602636534839924298e-01
3.115681233933161920e+01 5.574387947269303645e-01
3.131105398457583533e+01 5.527306967984934039e-01
3.146529562982005146e+01 5.499058380414312275e-01
3.161953727506426759e+01 5.461393596986817700e-01
3.177377892030848372e+01 5.409604519774011688e-01
3.192802056555269985e+01 5.381355932203389925e-01
3.208226221079691243e+01 5.343691148775895350e-01
3.223650385604113211e+01 5.296610169491525744e-01
3.239074550128534469e+01 5.240112994350283326e-01
3.254498714652956437e+01 5.207156308851224047e-01
3.269922879177377695e+01 5.174199623352165878e-01
3.285347043701799663e+01 5.122410546139359866e-01
3.300771208226220921e+01 5.070621468926553854e-01
3.316195372750642889e+01 5.032956685499059279e-01
3.331619537275064147e+01 4.981167608286252158e-01
3.347043701799486115e+01 4.929378531073446146e-01
3.362467866323907373e+01 4.882297551789077650e-01
3.377892030848329341e+01 4.839924670433145559e-01
3.393316195372750599e+01 4.788135593220339548e-01
3.408740359897171857e+01 4.755178907721280268e-01
3.424164524421593825e+01 4.703389830508474256e-01
3.439588688946015083e+01 4.661016949152542166e-01
3.455012853470437051e+01 4.613935969868173670e-01
3.470437017994858309e+01 4.571563088512241579e-01
3.485861182519280277e+01 4.524482109227871973e-01
3.501285347043701535e+01 4.472693032015065961e-01
3.516709511568123503e+01 4.439736346516007792e-01
3.532133676092544761e+01 4.392655367231638186e-01
3.547557840616966729e+01 4.354990583804143611e-01
3.562982005141387987e+01 4.303201506591337600e-01
3.578406169665809955e+01 4.270244821092279430e-01
3.593830334190231213e+01 4.227871939736346230e-01
3.609254498714653181e+01 4.185499058380414139e-01
3.624678663239074439e+01 4.157250470809793486e-01
3.640102827763496407e+01 4.114877589453861395e-01
3.655526992287917665e+01 4.077212806026365710e-01
3.670951156812338922e+01 4.048964218455743946e-01
3.686375321336760891e+01 4.011299435028249372e-01
3.701799485861182148e+01 3.968926553672316171e-01
3.717223650385604117e+01 3.945386064030131923e-01
3.732647814910025375e+01 3.952870732531750253e-01
3.748071979434447343e+01 3.995891114535182753e-01
3.763496143958868601e+01 4.028248587570620876e-01
3.917737789203084731e+01 3.507532956685499581e-01
3.933161953727506699e+01 3.521657250470809908e-01
3.948586118251927957e+01 3.582862523540489841e-01
3.964010282776349214e+01 3.564030131826741998e-01
3.979434447300771183e+01 3.554613935969868077e-01
3.994858611825192440e+01 3.540489642184557750e-01
4.010282776349614409e+01 3.526365348399247424e-01
4.025706940874035666e+01 3.516949152542373502e-01
4.041131105398457635e+01 3.502824858757062065e-01
4.056555269922878892e+01 3.498116760828625660e-01
4.071979434447300861e+01 3.483992467043314223e-01
4.087403598971722118e+01 3.479284369114877817e-01
4.102827763496144087e+01 3.474576271186441412e-01
4.118251928020565344e+01 3.469868173258003896e-01
4.133676092544987313e+01 3.465160075329567491e-01
4.149100257069408570e+01 3.465160075329567491e-01
4.164524421593830539e+01 3.465160075329567491e-01
4.179948586118251797e+01 3.465160075329567491e-01
4.195372750642673765e+01 3.469868173258003896e-01
4.210796915167095023e+01 3.474576271186441412e-01
4.226221079691516991e+01 3.483992467043314223e-01
4.241645244215938249e+01 3.493408662900188144e-01
4.257069408740359506e+01 3.507532956685499581e-01
4.272493573264781475e+01 3.516949152542373502e-01
4.287917737789202732e+01 3.535781544256121345e-01
4.303341902313624701e+01 3.549905838041431672e-01
4.318766066838045958e+01 3.568738229755179514e-01
4.334190231362467927e+01 3.582862523540489841e-01
4.349614395886889184e+01 3.596986817325800168e-01
4.365038560411311153e+01 3.634651600753295853e-01
4.380462724935732410e+01 3.653483992467043695e-01
4.395886889460154379e+01 3.681732580037665459e-01
4.411311053984575636e+01 3.700564971751412191e-01
4.426735218508997605e+01 3.733521657250471470e-01
4.442159383033418862e+01 3.766478342749529640e-01
4.457583547557840831e+01 3.790018832391713888e-01
4.473007712082262088e+01 3.827683615819209573e-01
4.488431876606684057e+01 3.855932203389830226e-01
4.503856041131105314e+01 3.903013182674199832e-01
4.519280205655526572e+01 3.931261770244821596e-01
4.534704370179948540e+01 3.959510357815443360e-01
4.550128534704369798e+01 3.997175141242937935e-01
4.565552699228791766e+01 4.030131826741996104e-01
4.580976863753213024e+01 4.072504708097928194e-01
4.596401028277634992e+01 4.110169491525423879e-01
4.611825192802056250e+01 4.152542372881355970e-01
4.627249357326478219e+01 4.185499058380414139e-01
4.642673521850899476e+01 4.227871939736346230e-01
4.658097686375321445e+01 4.265536723163841915e-01
4.673521850899742702e+01 4.298493408662900084e-01
4.688946015424164671e+01 4.336158192090395769e-01
4.704370179948585928e+01 4.373822975517891454e-01
4.719794344473007897e+01 4.402071563088512107e-01
4.735218508997429154e+01 4.439736346516007792e-01
4.750642673521851123e+01 4.482109227871939883e-01
4.766066838046272380e+01 4.510357815442561646e-01
4.781491002570694349e+01 4.538606403013183410e-01
4.796915167095115606e+01 4.562146892655367658e-01
4.812339331619536864e+01 4.590395480225989422e-01
4.827763496143958832e+01 4.613935969868173670e-01
4.843187660668380090e+01 4.637476459510357918e-01
4.858611825192802058e+01 4.665725047080979682e-01
4.874035989717223316e+01 4.684557438794727524e-01
4.889460154241645284e+01 4.703389830508474256e-01
4.904884318766066542e+01 4.731638418079096020e-01
4.920308483290488510e+01 4.742736077481840562e-01
4.935732647814909768e+01 4.732311003497444712e-01
4.951156812339331736e+01 4.780288763339610725e-01
5.105398457583547156e+01 4.896421845574387977e-01
5.120822622107969124e+01 4.896421845574387977e-01
5.136246786632390382e+01 4.857187696170747193e-01
5.151670951156812350e+01 4.830508474576271638e-01
5.167095115681233608e+01 4.825800376647834122e-01
5.182519280205655576e+01 4.825800376647834122e-01
5.197943444730076834e+01 4.821092278719397717e-01
5.213367609254498802e+01 4.816384180790960201e-01
5.228791773778920060e+01 4.811676082862523796e-01
5.244215938303342028e+01 4.811676082862523796e-01
5.259640102827763286e+01 4.806967984934087390e-01
5.275064267352185254e+01 4.797551789077213469e-01
5.290488431876606512e+01 4.792843691148775953e-01
5.305912596401028480e+01 4.783427495291902032e-01
5.321336760925449738e+01 4.774011299435028111e-01
5.336760925449871706e+01 4.764595103578154189e-01
5.352185089974292964e+01 4.755178907721280268e-01
5.367609254498714222e+01 4.750470809792843863e-01
5.383033419023136190e+01 4.736346516007533536e-01
5.398457583547557448e+01 4.717514124293785693e-01
5.413881748071979416e+01 4.708097928436911772e-01
5.429305912596400674e+01 4.698681732580037851e-01
5.444730077120822642e+01 4.684557438794727524e-01
5.460154241645243900e+01 4.670433145009416087e-01
5.475578406169665868e+01 4.651600753295668245e-01
5.491002570694087126e+01 4.637476459510357918e-01
5.506426735218509094e+01 4.628060263653483997e-01
5.521850899742930352e+01 4.609227871939736154e-01
5.537275064267352320e+01 4.585687382297551906e-01
5.552699228791773578e+01 4.562146892655367658e-01
5.568123393316195546e+01 4.543314500941619816e-01
5.583547557840616804e+01 4.519774011299435568e-01
5.598971722365038772e+01 4.500941619585687725e-01
5.614395886889460030e+01 4.477401129943503477e-01
5.629820051413881998e+01 4.449152542372881713e-01
5.645244215938303256e+01 4.425612052730697465e-01
5.660668380462724514e+01 4.402071563088512107e-01
5.676092544987146482e+01 4.378531073446327859e-01
5.691516709511567740e+01 4.354990583804143611e-01
5.706940874035989708e+01 4.326741996233521848e-01
5.722365038560410966e+01 4.293785310734463678e-01
5.737789203084832934e+01 4.265536723163841915e-01
5.753213367609254192e+01 4.241996233521657667e-01
5.768637532133676160e+01 4.213747645951035903e-01
5.784061696658097418e+01 4.180790960451977734e-01
5.799485861182519386e+01 4.157250470809793486e-01
5.814910025706940644e+01 4.129001883239171722e-01
5.830334190231362612e+01 4.100753295668549958e-01
5.845758354755783870e+01 4.067796610169491789e-01
5.861182519280205838e+01 4.039548022598870025e-01
5.876606683804627096e+01 4.011299435028249372e-01
5.892030848329049064e+01 3.983050847457627608e-01
5.907455012853470322e+01 3.954802259887005844e-01
5.922879177377892290e+01 3.921845574387947675e-01
5.938303341902313548e+01 3.898305084745763427e-01
5.953727506426734806e+01 3.870056497175141663e-01
5.969151670951156774e+01 3.846516007532957415e-01
5.984575835475578032e+01 3.822975517890772057e-01
6.000000000000000000e+01 3.794726930320151403e-01
6.015424164524421258e+01 3.771186440677966045e-01
6.030848329048843226e+01 3.747645951035781797e-01
6.046272493573264484e+01 3.719397363465160034e-01
6.061696658097686452e+01 3.695856873822975786e-01
6.077120822622107710e+01 3.672316384180791538e-01
6.092544987146529678e+01 3.648775894538606179e-01
6.107969151670950936e+01 3.625235404896421931e-01
6.123393316195372904e+01 3.648775894538606179e-01
6.138817480719794162e+01 3.689265536723164152e-01
6.308483290488431550e+01 3.323917137476459782e-01
6.323907455012853518e+01 3.347180680181677248e-01
6.339331619537274776e+01 3.366290018832391873e-01
6.354755784061696744e+01 3.361581920903955467e-01
6.370179948586118002e+01 3.347457627118644030e-01
6.385604113110539970e+01 3.342749529190207625e-01
6.401028277634961228e+01 3.333333333333333703e-01
6.416452442159382485e+01 3.328625235404896188e-01
6.431876606683805164e+01 3.323917137476459782e-01
6.447300771208226422e+01 3.314500941619585861e-01
6.462724935732647680e+01 3.314500941619585861e-01
6.478149100257068937e+01 3.305084745762711940e-01
6.493573264781490195e+01 3.300376647834275534e-01
6.508997429305912874e+01 3.295668549905838018e-01
6.524421593830334132e+01 3.295668549905838018e-01
6.539845758354755390e+01 3.295668549905838018e-01
6.555269922879176647e+01 3.300376647834275534e-01
6.570694087403599326e+01 3.300376647834275534e-01
6.586118251928020584e+01 3.305084745762711940e-01
6.601542416452441842e+01 3.309792843691149455e-01
6.616966580976863099e+01 3.323917137476459782e-01
6.632390745501285778e+01 3.328625235404896188e-01
6.647814910025707036e+01 3.338041431261770109e-01
6.663239074550128294e+01 3.342749529190207625e-01
6.678663239074549551e+01 3.361581920903955467e-01
6.694087403598972230e+01 3.375706214689265794e-01
6.709511568123393488e+01 3.389830508474576121e-01
6.724935732647814746e+01 3.408662900188323963e-01
6.740359897172236003e+01 3.427495291902071806e-01
6.755784061696658682e+01 3.446327683615819648e-01
6.771208226221079940e+01 3.460451977401129975e-01
6.786632390745501198e+01 3.479284369114877817e-01
6.802056555269922455e+01 3.507532956685499581e-01
6.817480719794343713e+01 3.526365348399247424e-01
6.832904884318766392e+01 3.549905838041431672e-01
6.848329048843187650e+01 3.596986817325800168e-01
6.863753213367608907e+01 3.615819209039548010e-01
6.879177377892030165e+01 3.639359698681733368e-01
6.894601542416452844e+01 3.667608286252354022e-01
6.910025706940874102e+01 3.691148775894539380e-01
6.925449871465295359e+01 3.733521657250471470e-01
6.940874035989716617e+01 3.766478342749529640e-01
6.956298200514139296e+01 3.804143126177024214e-01
6.971722365038560554e+01 3.827683615819209573e-01
6.987146529562981812e+01 3.860640301318267742e-01
7.002570694087403069e+01 3.907721280602636238e-01
7.017994858611825748e+01 3.935969868173258002e-01
7.033419023136247006e+01 3.964218455743879765e-01
7.048843187660668264e+01 4.006591337099811856e-01
7.064267352185089521e+01 4.044256120527307541e-01
7.079691516709510779e+01 4.086629001883239631e-01
7.095115681233933458e+01 4.129001883239171722e-01
7.110539845758354716e+01 4.157250470809793486e-01
7.125964010282775973e+01 4.194915254237288060e-01
7.141388174807197231e+01 4.232580037664783745e-01
7.156812339331619910e+01 4.270244821092279430e-01
7.172236503856041168e+01 4.307909604519774005e-01
7.187660668380462425e+01 4.336158192090395769e-01
7.203084832904883683e+01 4.359698681732580017e-01
7.218508997429306362e+01 4.392655367231638186e-01
7.233933161953727620e+01 4.425612052730697465e-01
7.249357326478148877e+01 4.453860640301318119e-01
7.264781491002570135e+01 4.482109227871939883e-01
7.280205655526992814e+01 4.515065913370998052e-01
7.295629820051414072e+01 4.529190207156309489e-01
7.311053984575835329e+01 4.571563088512241579e-01
7.326478149100256587e+01 4.590395480225989422e-01
7.341902313624677845e+01 4.613935969868173670e-01
7.357326478149100524e+01 4.632768361581921512e-01
7.372750642673521781e+01 4.646892655367231839e-01
7.388174807197943039e+01 4.646892655367231839e-01
7.403598971722364297e+01 4.619316653214958768e-01
7.419023136246786976e+01 4.595103578154425827e-01
7.588688946015423653e+01 4.816384180790960201e-01
7.604113110539846332e+01 4.763548859594057827e-01
7.619537275064267590e+01 4.759887005649717784e-01
7.634961439588688847e+01 4.750470809792843863e-01
7.650385604113110105e+01 4.745762711864407457e-01
7.665809768637531363e+01 4.731638418079096020e-01
7.681233933161954042e+01 4.722222222222222099e-01
7.696658097686375299e+01 4.717514124293785693e-01
7.712082262210796557e+01 4.708097928436911772e-01
7.727506426735217815e+01 4.708097928436911772e-01
7.742930591259640494e+01 4.703389830508474256e-01
7.758354755784061751e+01 4.698681732580037851e-01
7.773778920308483009e+01 4.698681732580037851e-01
7.789203084832904267e+01 4.689265536723163930e-01
7.804627249357326946e+01 4.679849340866290008e-01
7.820051413881748203e+01 4.670433145009416087e-01
7.835475578406169461e+01 4.656308851224105760e-01
7.850899742930590719e+01 4.637476459510357918e-01
7.866323907455013398e+01 4.632768361581921512e-01
7.881748071979434656e+01 4.618644067796610075e-01
7.897172236503855913e+01 4.599811676082862233e-01
7.912596401028277171e+01 4.585687382297551906e-01
7.928020565552698429e+01 4.571563088512241579e-01
7.943444730077121108e+01 4.552730696798493737e-01
7.958868894601542365e+01 4.529190207156309489e-01
7.974293059125963623e+01 4.510357815442561646e-01
7.989717223650384881e+01 4.486817325800377398e-01
8.005141388174807560e+01 4.463276836158192040e-01
8.020565552699228817e+01 4.444444444444444198e-01
8.035989717223650075e+01 4.411487758945386028e-01
8.051413881748071333e+01 4.387947269303201780e-01
8.066838046272494012e+01 4.369114877589453938e-01
8.082262210796915269e+01 4.336158192090395769e-01
8.097686375321336527e+01 4.312617702448211521e-01
8.113110539845757785e+01 4.289077212806026163e-01
8.128534704370180464e+01 4.256120527306967993e-01
8.143958868894601721e+01 4.218455743879473419e-01
8.159383033419022979e+01 4.199623352165725576e-01
8.174807197943444237e+01 4.171374764595103812e-01
8.190231362467865495e+01 4.143126177024482049e-01
8.205655526992288173e+01 4.110169491525423879e-01
8.221079691516709431e+01 4.081920903954802116e-01
8.236503856041130689e+01 4.053672316384181462e-01
8.251928020565551947e+01 4.034839924670433620e-01
8.267352185089974625e+01 4.006591337099811856e-01
8.282776349614395883e+01 3.973634651600753687e-01
8.298200514138817141e+01 3.935969868173258002e-01
8.313624678663238399e+01 3.917137476459510159e-01
8.329048843187661078e+01 3.888888888888889506e-01
8.344473007712082335e+01 3.851224105461393821e-01
8.359897172236503593e+01 3.832391713747645978e-01
8.375321336760924851e+01 3.808851224105461730e-01
8.390745501285347530e+01 3.785310734463277482e-01
8.406169665809768787e+01 3.752354048964218203e-01
8.421593830334190045e+01 3.724105461393597549e-01
8.437017994858611303e+01 3.695856873822975786e-01
8.452442159383033982e+01 3.667608286252354022e-01
8.467866323907455239e+01 3.648775894538606179e-01
8.483290488431876497e+01 3.629943502824859447e-01
8.498714652956297755e+01 3.611111111111111605e-01
8.514138817480719013e+01 3.587570621468927357e-01
8.529562982005141691e+01 3.564030131826741998e-01
8.544987146529562949e+01 3.545197740112994156e-01
8.560411311053984207e+01 3.526365348399247424e-01
8.575835475578405465e+01 3.550333846944015992e-01
8.591259640102828143e+01 3.576061937643859601e-01
8.606683804627249401e+01 3.606403013182674089e-01
8.776349614395886078e+01 3.309792843691149455e-01
8.791773778920308757e+01 3.310969868173258002e-01
8.807197943444730015e+01 3.309792843691149455e-01
8.822622107969151273e+01 3.305084745762711940e-01
8.838046272493572530e+01 3.295668549905838018e-01
8.853470437017995209e+01 3.290960451977401613e-01
8.868894601542416467e+01 3.286252354048964097e-01
8.884318766066837725e+01 3.276836158192090176e-01
8.899742930591258983e+01 3.272128060263653770e-01
8.915167095115681661e+01 3.272128060263653770e-01
8.930591259640102919e+01 3.272128060263653770e-01
8.946015424164524177e+01 3.267419962335217365e-01
8.961439588688945435e+01 3.267419962335217365e-01
8.976863753213368113e+01 3.267419962335217365e-01
8.992287917737789371e+01 3.272128060263653770e-01
9.007712082262210629e+01 3.276836158192090176e-01
9.023136246786631887e+01 3.281544256120527692e-01
9.038560411311053144e+01 3.286252354048964097e-01
9.053984575835475823e+01 3.295668549905838018e-01
9.069408740359897081e+01 3.305084745762711940e-01
9.084832904884318339e+01 3.319209039548023377e-01
9.100257069408739596e+01 3.323917137476459782e-01
9.115681233933162275e+01 3.338041431261770109e-01
9.131105398457583533e+01 3.347457627118644030e-01
9.146529562982004791e+01 3.366290018832391873e-01
9.161953727506426048e+01 3.380414312617702199e-01
9.177377892030848727e+01 3.394538606403013636e-01
9.192802056555269985e+01 3.413370998116761479e-01
9.208226221079691243e+01 3.427495291902071806e-01
9.223650385604112500e+01 3.446327683615819648e-01
9.239074550128535179e+01 3.465160075329567491e-01
9.254498714652956437e+01 3.483992467043314223e-01
9.269922879177377695e+01 3.512241054613935987e-01
9.285347043701798952e+01 3.535781544256121345e-01
9.300771208226221631e+01 3.568738229755179514e-01
9.316195372750642889e+01 3.587570621468927357e-01
9.331619537275064147e+01 3.615819209039548010e-01
9.347043701799485405e+01 3.639359698681733368e-01
9.362467866323906662e+01 3.677024482109227943e-01
9.377892030848329341e+01 3.700564971751412191e-01
9.393316195372750599e+01 3.728813559322033955e-01
9.408740359897171857e+01 3.757062146892655718e-01
9.424164524421593114e+01 3.780602636534839966e-01
9.439588688946015793e+01 3.808851224105461730e-01
9.455012853470437051e+01 3.841807909604519899e-01
9.470437017994858309e+01 3.879472693032015584e-01
9.485861182519279566e+01 3.898305084745763427e-01
9.501285347043702245e+01 3.935969868173258002e-01
9.516709511568123503e+01 3.959510357815443360e-01
9.532133676092544761e+01 4.001883239171375450e-01
9.547557840616966018e+01 4.025423728813559698e-01
9.562982005141388697e+01 4.063088512241055383e-01
9.578406169665809955e+01 4.081920903954802116e-01
9.593830334190231213e+01 4.119585687382297801e-01
9.609254498714652470e+01 4.143126177024482049e-01
9.624678663239073728e+01 4.180790960451977734e-01
9.640102827763496407e+01 4.199623352165725576e-01
9.655526992287917665e+01 4.218455743879473419e-01
9.670951156812338922e+01 4.246704331450094072e-01
9.686375321336760180e+01 4.270244821092279430e-01
9.701799485861182859e+01 4.298493408662900084e-01
9.717223650385604117e+01 4.312617702448211521e-01
9.732647814910025375e+01 4.326741996233521848e-01
9.748071979434446632e+01 4.345574387947269690e-01
9.763496143958869311e+01 4.373822975517891454e-01
9.778920308483290569e+01 4.392655367231638186e-01
9.794344473007711827e+01 4.402699309478971257e-01
9.809768637532133084e+01 4.384478144513827003e-01
9.825192802056555763e+01 4.378531073446327859e-01
9.840616966580977021e+01 4.383239171374765375e-01
1.001028277634961370e+02 4.580979284369115501e-01
1.002570694087403638e+02 4.557438794726930142e-01
1.004113110539845763e+02 4.538606403013183410e-01
1.005655526992287889e+02 4.543314500941619816e-01
1.007197943444730015e+02 4.557438794726930142e-01
1.008740359897172283e+02 4.566854990583804064e-01
1.010282776349614409e+02 4.557438794726930142e-01
1.011825192802056534e+02 4.552730696798493737e-01
1.013367609254498660e+02 4.552730696798493737e-01
1.014910025706940928e+02 4.552730696798493737e-01
1.016452442159383054e+02 4.557438794726930142e-01
1.017994858611825180e+02 4.557438794726930142e-01
1.019537275064267305e+02 4.557438794726930142e-01
1.021079691516709431e+02 4.552730696798493737e-01
1.022622107969151699e+02 4.552730696798493737e-01
1.024164524421593825e+02 4.548022598870056221e-01
1.025706940874035951e+02 4.538606403013183410e-01
1.027249357326478076e+02 4.529190207156309489e-01
1.028791773778920344e+02 4.515065913370998052e-01
1.030334190231362470e+02 4.500941619585687725e-01
1.031876606683804596e+02 4.491525423728813804e-01
1.033419023136246722e+02 4.482109227871939883e-01
1.034961439588688989e+02 4.467984934086629556e-01
1.036503856041131115e+02 4.453860640301318119e-01
1.038046272493573241e+02 4.430320150659133871e-01
1.039588688946015367e+02 4.416195856873823544e-01
1.041131105398457635e+02 4.397363465160075702e-01
1.042673521850899760e+02 4.383239171374765375e-01
1.044215938303341886e+02 4.350282485875706096e-01
1.045758354755784012e+02 4.326741996233521848e-01
1.047300771208226138e+02 4.312617702448211521e-01
1.048843187660668406e+02 4.293785310734463678e-01
1.050385604113110531e+02 4.270244821092279430e-01
1.051928020565552657e+02 4.241996233521657667e-01
1.053470437017994783e+02 4.227871939736346230e-01
1.055012853470437051e+02 4.199623352165725576e-01
1.056555269922879177e+02 4.180790960451977734e-01
1.058097686375321302e+02 4.152542372881355970e-01
1.059640102827763428e+02 4.124293785310734206e-01
1.061182519280205696e+02 4.100753295668549958e-01
1.062724935732647822e+02 4.086629001883239631e-01
1.064267352185089948e+02 4.048964218455743946e-01
1.065809768637532073e+02 4.020715630885122183e-01
1.067352185089974341e+02 3.997175141242937935e-01
1.068894601542416467e+02 3.978342749529190092e-01
1.070437017994858593e+02 3.954802259887005844e-01
1.071979434447300719e+02 3.921845574387947675e-01
1.073521850899742844e+02 3.903013182674199832e-01
1.075064267352185112e+02 3.870056497175141663e-01
1.076606683804627238e+02 3.846516007532957415e-01
1.078149100257069364e+02 3.813559322033898136e-01
1.079691516709511490e+02 3.794726930320151403e-01
1.081233933161953757e+02 3.771186440677966045e-01
1.082776349614395883e+02 3.747645951035781797e-01
1.084318766066838009e+02 3.714689265536723628e-01
1.085861182519280135e+02 3.681732580037665459e-01
1.087403598971722403e+02 3.658192090395480101e-01
1.088946015424164528e+02 3.639359698681733368e-01
1.090488431876606654e+02 3.606403013182674089e-01
1.092030848329048780e+02 3.592278719397363762e-01
1.093573264781491048e+02 3.573446327683615920e-01
1.095115681233933174e+02 3.549905838041431672e-01
1.096658097686375299e+02 3.531073446327683829e-01
1.098200514138817425e+02 3.516949152542373502e-01
1.099742930591259693e+02 3.498116760828625660e-01
1.101285347043701819e+02 3.469868173258003896e-01
1.102827763496143945e+02 3.451035781544256054e-01
1.104370179948586070e+02 3.446327683615819648e-01
1.105912596401028196e+02 3.484716789801536319e-01
1.107455012853470464e+02 3.502824858757062065e-01
1.124421593830334132e+02 3.173258003766478152e-01
1.125964010282776400e+02 3.215630885122411353e-01
1.127506426735218525e+02 3.253295668549905928e-01
1.129048843187660651e+02 3.243879472693032007e-01
1.130591259640102777e+02 3.239171374764595601e-01
1.132133676092544903e+02 3.234463276836158085e-01
1.133676092544987171e+02 3.229755178907721680e-01
1.135218508997429296e+02 3.229755178907721680e-01
1.136760925449871422e+02 3.229755178907721680e-01
1.138303341902313548e+02 3.229755178907721680e-01
1.139845758354755816e+02 3.229755178907721680e-01
1.141388174807197942e+02 3.239171374764595601e-01
1.142930591259640067e+02 3.243879472693032007e-01
1.144473007712082193e+02 3.243879472693032007e-01
1.146015424164524461e+02 3.253295668549905928e-01
1.147557840616966587e+02 3.253295668549905928e-01
1.149100257069408713e+02 3.262711864406779849e-01
1.150642673521850838e+02 3.272128060263653770e-01
1.152185089974293106e+02 3.276836158192090176e-01
1.153727506426735232e+02 3.281544256120527692e-01
1.155269922879177358e+02 3.290960451977401613e-01
1.156812339331619484e+02 3.300376647834275534e-01
1.158354755784061609e+02 3.323917137476459782e-01
1.159897172236503877e+02 3.333333333333333703e-01
1.161439588688946003e+02 3.347457627118644030e-01
1.162982005141388129e+02 3.366290018832391873e-01
1.164524421593830255e+02 3.385122410546139715e-01
1.166066838046272522e+02 3.399246704331450042e-01
1.167609254498714648e+02 3.413370998116761479e-01
1.169151670951156774e+02 3.436911487758945727e-01
1.170694087403598900e+02 3.451035781544256054e-01
1.172236503856041168e+02 3.479284369114877817e-01
1.173778920308483293e+02 3.512241054613935987e-01
1.175321336760925419e+02 3.540489642184557750e-01
1.176863753213367545e+02 3.564030131826741998e-01
1.178406169665809813e+02 3.582862523540489841e-01
1.179948586118251939e+02 3.611111111111111605e-01
1.181491002570694064e+02 3.639359698681733368e-01
1.183033419023136190e+02 3.677024482109227943e-01
1.184575835475578458e+02 3.691148775894539380e-01
1.186118251928020584e+02 3.709981167608286112e-01
1.187660668380462710e+02 3.742937853107345392e-01
1.189203084832904835e+02 3.785310734463277482e-01
1.190745501285346961e+02 3.804143126177024214e-01
1.192287917737789229e+02 3.837099811676083494e-01
1.193830334190231355e+02 3.874764595103578069e-01
1.195372750642673481e+02 3.888888888888889506e-01
1.196915167095115606e+02 3.912429378531073754e-01
1.198457583547557874e+02 3.940677966101695517e-01
1.200000000000000000e+02 3.983050847457627608e-01
1.201542416452442126e+02 4.011299435028249372e-01
1.203084832904884252e+02 4.030131826741996104e-01
1.204627249357326519e+02 4.044256120527307541e-01
1.206169665809768645e+02 4.063088512241055383e-01
1.207712082262210771e+02 4.100753295668549958e-01
1.209254498714652897e+02 4.124293785310734206e-01
1.210796915167095165e+02 4.143126177024482049e-01
1.212339331619537290e+02 4.171374764595103812e-01
1.213881748071979416e+02 4.194915254237288060e-01
1.215424164524421542e+02 4.213747645951035903e-01
1.216966580976863668e+02 4.232580037664783745e-01
1.218508997429305936e+02 4.246704331450094072e-01
1.220051413881748061e+02 4.265536723163841915e-01
1.221593830334190187e+02 4.274952919020715836e-01
1.223136246786632313e+02 4.234149403640928844e-01
1.224678663239074581e+02 4.213747645951035903e-01
1.243187660668380374e+02 4.417541027710518708e-01
1.244730077120822642e+02 4.391824526420737840e-01
1.246272493573264768e+02 4.383239171374765375e-01
1.247814910025706894e+02 4.387947269303201780e-01
1.249357326478149020e+02 4.397363465160075702e-01
1.250899742930591287e+02 4.392655367231638186e-01
1.252442159383033413e+02 4.392655367231638186e-01
1.253984575835475539e+02 4.387947269303201780e-01
1.255526992287917665e+02 4.387947269303201780e-01
1.257069408740359933e+02 4.373822975517891454e-01
1.258611825192802058e+02 4.369114877589453938e-01
1.260154241645244184e+02 4.354990583804143611e-01
1.261696658097686310e+02 4.354990583804143611e-01
1.263239074550128578e+02 4.345574387947269690e-01
1.264781491002570704e+02 4.340866290018832174e-01
1.266323907455012829e+02 4.326741996233521848e-01
1.267866323907454955e+02 4.322033898305085442e-01
1.269408740359897081e+02 4.312617702448211521e-01
1.270951156812339349e+02 4.307909604519774005e-01
1.272493573264781475e+02 4.298493408662900084e-01
1.274035989717223600e+02 4.279661016949152241e-01
1.275578406169665726e+02 4.270244821092279430e-01
1.277120822622107994e+02 4.256120527306967993e-01
1.278663239074550120e+02 4.246704331450094072e-01
1.280205655526992246e+02 4.232580037664783745e-01
1.281748071979434371e+02 4.209039548022599497e-01
1.283290488431876497e+02 4.194915254237288060e-01
1.284832904884318623e+02 4.171374764595103812e-01
1.286375321336761033e+02 4.152542372881355970e-01
1.287917737789203159e+02 4.138418079096045643e-01
1.289460154241645284e+02 4.114877589453861395e-01
1.291002570694087410e+02 4.091337099811676037e-01
1.292544987146529536e+02 4.072504708097928194e-01
1.294087403598971662e+02 4.053672316384181462e-01
1.295629820051413787e+02 4.030131826741996104e-01
1.297172236503855913e+02 4.006591337099811856e-01
1.298714652956298039e+02 3.983050847457627608e-01
1.300257069408740449e+02 3.959510357815443360e-01
1.301799485861182575e+02 3.935969868173258002e-01
1.303341902313624701e+02 3.907721280602636238e-01
1.304884318766066826e+02 3.879472693032015584e-01
1.306426735218508952e+02 3.846516007532957415e-01
1.307969151670951078e+02 3.827683615819209573e-01
1.309511568123393204e+02 3.799435028248587809e-01
1.311053984575835329e+02 3.780602636534839966e-01
1.312596401028277739e+02 3.752354048964218203e-01
1.314138817480719865e+02 3.728813559322033955e-01
1.315681233933161991e+02 3.705273069679849707e-01
1.317223650385604117e+02 3.681732580037665459e-01
1.318766066838046243e+02 3.662900188323917616e-01
1.320308483290488368e+02 3.639359698681733368e-01
1.321850899742930494e+02 3.611111111111111605e-01
1.323393316195372620e+02 3.582862523540489841e-01
1.324935732647815030e+02 3.564030131826741998e-01
1.326478149100257156e+02 3.540489642184557750e-01
1.328020565552699281e+02 3.521657250470809908e-01
1.329562982005141407e+02 3.502824858757062065e-01
1.331105398457583533e+02 3.474576271186441412e-01
1.332647814910025659e+02 3.455743879472693569e-01
1.334190231362467784e+02 3.436911487758945727e-01
1.335732647814909910e+02 3.413370998116761479e-01
1.337275064267352036e+02 3.389830508474576121e-01
1.338817480719794446e+02 3.370998116760829388e-01
1.340359897172236572e+02 3.352165725047081546e-01
1.341902313624678698e+02 3.333333333333333703e-01
1.343444730077120823e+02 3.319209039548023377e-01
1.344987146529562949e+02 3.300376647834275534e-01
1.346529562982005075e+02 3.281544256120527692e-01
1.348071979434447201e+02 3.262711864406779849e-01
1.349614395886889326e+02 3.253295668549905928e-01
1.351156812339331736e+02 3.239171374764595601e-01
1.352699228791773862e+02 3.254680403234739838e-01
1.354241645244215988e+02 3.295668549905838018e-01
1.372750642673521781e+02 3.074387947269303645e-01
1.374293059125963907e+02 3.079096045197740050e-01
1.375835475578406033e+02 3.088512241054613972e-01
1.377377892030848443e+02 3.088512241054613972e-01
1.378920308483290569e+02 3.083804143126177566e-01
1.380462724935732695e+02 3.083804143126177566e-01
1.382005141388174820e+02 3.083804143126177566e-01
1.383547557840616946e+02 3.079096045197740050e-01
1.385089974293059072e+02 3.079096045197740050e-01
1.386632390745501198e+02 3.083804143126177566e-01
1.388174807197943323e+02 3.083804143126177566e-01
1.389717223650385449e+02 3.093220338983051487e-01
1.391259640102827859e+02 3.097928436911487893e-01
1.392802056555269985e+02 3.097928436911487893e-01
1.394344473007712111e+02 3.102636534839925408e-01
1.395886889460154237e+02 3.112052730696799330e-01
1.397429305912596362e+02 3.116760828625235735e-01
1.398971722365038488e+02 3.130885122410546062e-01
1.400514138817480614e+02 3.135593220338983578e-01
1.402056555269922740e+02 3.149717514124293904e-01
1.403598971722365150e+02 3.163841807909605341e-01
1.405141388174807275e+02 3.177966101694915668e-01
1.406683804627249401e+02 3.192090395480225995e-01
1.408226221079691527e+02 3.215630885122411353e-01
1.409768637532133653e+02 3.229755178907721680e-01
1.411311053984575778e+02 3.248587570621469522e-01
1.412853470437017904e+02 3.262711864406779849e-01
1.414395886889460030e+02 3.276836158192090176e-01
1.415938303341902156e+02 3.295668549905838018e-01
1.417480719794344566e+02 3.309792843691149455e-01
1.419023136246786692e+02 3.328625235404896188e-01
1.420565552699228817e+02 3.356873822975517951e-01
1.422107969151670943e+02 3.375706214689265794e-01
1.423650385604113069e+02 3.399246704331450042e-01
1.425192802056555195e+02 3.413370998116761479e-01
1.426735218508997320e+02 3.446327683615819648e-01
1.428277634961439446e+02 3.465160075329567491e-01
1.429820051413881856e+02 3.488700564971751739e-01
1.431362467866323982e+02 3.521657250470809908e-01
1.432904884318766108e+02 3.540489642184557750e-01
1.434447300771208234e+02 3.559322033898305593e-01
1.435989717223650359e+02 3.582862523540489841e-01
1.437532133676092485e+02 3.601694915254237683e-01
1.439074550128534611e+02 3.620527306967985526e-01
1.440616966580976737e+02 3.644067796610169774e-01
1.442159383033418862e+02 3.667608286252354022e-01
1.443701799485861272e+02 3.686440677966101864e-01
1.445244215938303398e+02 3.705273069679849707e-01
1.446786632390745524e+02 3.728813559322033955e-01
1.448329048843187650e+02 3.747645951035781797e-01
1.449871465295629775e+02 3.771186440677966045e-01
1.451413881748071901e+02 3.790018832391713888e-01
1.452956298200514027e+02 3.804143126177024214e-01
1.454498714652956153e+02 3.822975517890772057e-01
1.456041131105398563e+02 3.837099811676083494e-01
1.457583547557840689e+02 3.855932203389830226e-01
1.459125964010282814e+02 3.865348399246704147e-01
1.460668380462724940e+02 3.879472693032015584e-01
1.462210796915167066e+02 3.884180790960451990e-01
1.463753213367609192e+02 3.893596986817325911e-01
1.465295629820051317e+02 3.907721280602636238e-01
1.466838046272493443e+02 3.913713405238828935e-01
1.468380462724935569e+02 3.890458254865034604e-01
1.469922879177377979e+02 3.888888888888889506e-01
1.488431876606683772e+02 4.081920903954802116e-01
1.489974293059125898e+02 4.034839924670433620e-01
1.491516709511568024e+02 4.030131826741996104e-01
1.493059125964010150e+02 4.030131826741996104e-01
1.494601542416452560e+02 4.030131826741996104e-01
1.496143958868894686e+02 4.030131826741996104e-01
1.497686375321336811e+02 4.030131826741996104e-01
1.499228791773778937e+02 4.030131826741996104e-01
1.500771208226221063e+02 4.030131826741996104e-01
1.502313624678663189e+02 4.030131826741996104e-01
1.503856041131105314e+02 4.030131826741996104e-01
1.505398457583547440e+02 4.025423728813559698e-01
1.506940874035989566e+02 4.025423728813559698e-01
1.508483290488431976e+02 4.011299435028249372e-01
1.510025706940874102e+02 4.001883239171375450e-01
1.511568123393316228e+02 3.992467043314501529e-01
1.513110539845758353e+02 3.992467043314501529e-01
1.514652956298200479e+02 3.978342749529190092e-01
1.516195372750642605e+02 3.973634651600753687e-01
1.517737789203084731e+02 3.964218455743879765e-01
1.519280205655526856e+02 3.959510357815443360e-01
1.520822622107969266e+02 3.950094161958569439e-01
1.522365038560411392e+02 3.940677966101695517e-01
1.523907455012853518e+02 3.931261770244821596e-01
1.525449871465295644e+02 3.912429378531073754e-01
1.526992287917737769e+02 3.903013182674199832e-01
1.528534704370179895e+02 3.893596986817325911e-01
1.530077120822622021e+02 3.884180790960451990e-01
1.531619537275064147e+02 3.870056497175141663e-01
1.533161953727506273e+02 3.860640301318267742e-01
1.534704370179948683e+02 3.846516007532957415e-01
1.536246786632390808e+02 3.822975517890772057e-01
1.537789203084832934e+02 3.808851224105461730e-01
1.539331619537275060e+02 3.790018832391713888e-01
1.540874035989717186e+02 3.775894538606403561e-01
1.542416452442159311e+02 3.747645951035781797e-01
1.543958868894601437e+02 3.728813559322033955e-01
1.545501285347043563e+02 3.714689265536723628e-01
1.547043701799485973e+02 3.700564971751412191e-01
1.548586118251928099e+02 3.677024482109227943e-01
1.550128534704370225e+02 3.653483992467043695e-01
1.551670951156812350e+02 3.629943502824859447e-01
1.553213367609254476e+02 3.611111111111111605e-01
1.554755784061696602e+02 3.592278719397363762e-01
1.556298200514138728e+02 3.573446327683615920e-01
1.557840616966580853e+02 3.549905838041431672e-01
1.559383033419022979e+02 3.531073446327683829e-01
1.560925449871465389e+02 3.507532956685499581e-01
1.562467866323907515e+02 3.488700564971751739e-01
1.564010282776349641e+02 3.474576271186441412e-01
1.565552699228791766e+02 3.455743879472693569e-01
1.567095115681233892e+02 3.432203389830508211e-01
1.568637532133676018e+02 3.403954802259887558e-01
1.570179948586118144e+02 3.385122410546139715e-01
1.571722365038560270e+02 3.375706214689265794e-01
1.573264781491002680e+02 3.366290018832391873e-01
1.574807197943444805e+02 3.342749529190207625e-01
1.576349614395886931e+02 3.328625235404896188e-01
1.577892030848329057e+02 3.314500941619585861e-01
1.579434447300771183e+02 3.300376647834275534e-01
1.580976863753213308e+02 3.281544256120527692e-01
1.582519280205655434e+02 3.267419962335217365e-01
1.584061696658097560e+02 3.253295668549905928e-01
1.585604113110539686e+02 3.239171374764595601e-01
1.587146529562982096e+02 3.220338983050847759e-01
1.588688946015424222e+02 3.206214689265537432e-01
1.590231362467866347e+02 3.192090395480225995e-01
1.591773778920308473e+02 3.177966101694915668e-01
1.593316195372750599e+02 3.163841807909605341e-01
1.594858611825192725e+02 3.149717514124293904e-01
1.596401028277634850e+02 3.135593220338983578e-01
1.597943444730076976e+02 3.126177024482109656e-01
1.599485861182519386e+02 3.121468926553672141e-01
1.601028277634961512e+02 3.145009416195857499e-01
1.602570694087403638e+02 3.158192090395480767e-01
1.621079691516709431e+02 2.951977401129943779e-01
1.622622107969151557e+02 2.980225988700565543e-01
1.624164524421593683e+02 3.013182674199623712e-01
1.625706940874036093e+02 3.013182674199623712e-01
1.627249357326478219e+02 3.017890772128060117e-01
1.628791773778920344e+02 3.022598870056497633e-01
1.630334190231362470e+02 3.022598870056497633e-01
1.631876606683804596e+02 3.032015065913371554e-01
1.633419023136246722e+02 3.036723163841807960e-01
1.634961439588688847e+02 3.046139359698681881e-01
1.636503856041130973e+02 3.046139359698681881e-01
1.638046272493573099e+02 3.055555555555555802e-01
1.639588688946015509e+02 3.064971751412429724e-01
1.641131105398457635e+02 3.069679849340866129e-01
1.642673521850899760e+02 3.079096045197740050e-01
1.644215938303341886e+02 3.088512241054613972e-01
1.645758354755784012e+02 3.112052730696799330e-01
1.647300771208226138e+02 3.130885122410546062e-01
1.648843187660668264e+02 3.140301318267419983e-01
1.650385604113110389e+02 3.149717514124293904e-01
1.651928020565552799e+02 3.168549905838041747e-01
1.653470437017994925e+02 3.182674199623352074e-01
1.655012853470437051e+02 3.192090395480225995e-01
1.656555269922879177e+02 3.210922787193973837e-01
1.658097686375321302e+02 3.229755178907721680e-01
1.659640102827763428e+02 3.248587570621469522e-01
1.661182519280205554e+02 3.262711864406779849e-01
1.662724935732647680e+02 3.286252354048964097e-01
1.664267352185089806e+02 3.305084745762711940e-01
1.665809768637532216e+02 3.338041431261770109e-01
1.667352185089974341e+02 3.356873822975517951e-01
1.668894601542416467e+02 3.370998116760829388e-01
1.670437017994858593e+02 3.394538606403013636e-01
1.671979434447300719e+02 3.432203389830508211e-01
1.673521850899742844e+02 3.446327683615819648e-01
1.675064267352184970e+02 3.465160075329567491e-01
1.676606683804627096e+02 3.488700564971751739e-01
1.678149100257069506e+02 3.507532956685499581e-01
1.679691516709511632e+02 3.526365348399247424e-01
1.681233933161953757e+02 3.545197740112994156e-01
1.682776349614395883e+02 3.573446327683615920e-01
1.684318766066838009e+02 3.582862523540489841e-01
1.685861182519280135e+02 3.601694915254237683e-01
1.687403598971722261e+02 3.615819209039548010e-01
1.688946015424164386e+02 3.620527306967985526e-01
1.690488431876606796e+02 3.629943502824859447e-01
1.692030848329048922e+02 3.644067796610169774e-01
1.693573264781491048e+02 3.662900188323917616e-01
1.695115681233933174e+02 3.695856873822975786e-01
1.696658097686375299e+02 3.714689265536723628e-01
1.698200514138817425e+02 3.724105461393597549e-01
1.699742930591259551e+02 3.747645951035781797e-01
1.701285347043701677e+02 3.761770244821092124e-01
1.702827763496143803e+02 3.771186440677966045e-01
1.704370179948586213e+02 3.775894538606403561e-01
1.705912596401028338e+02 3.785310734463277482e-01
1.707455012853470464e+02 3.794726930320151403e-01
1.708997429305912590e+02 3.808851224105461730e-01
1.710539845758354716e+02 3.813559322033898136e-01
1.712082262210796841e+02 3.813559322033898136e-01
1.713624678663238967e+02 3.793549905838041747e-01
1.735218508997429296e+02 3.886064030131827218e-01
1.736760925449871422e+02 3.865348399246704147e-01
1.738303341902313548e+02 3.860640301318267742e-01
1.739845758354755674e+02 3.860640301318267742e-01
1.741388174807197800e+02 3.855932203389830226e-01
1.742930591259640210e+02 3.855932203389830226e-01
1.744473007712082335e+02 3.851224105461393821e-01
1.746015424164524461e+02 3.851224105461393821e-01
1.747557840616966587e+02 3.846516007532957415e-01
1.749100257069408713e+02 3.841807909604519899e-01
1.750642673521850838e+02 3.841807909604519899e-01
1.752185089974292964e+02 3.837099811676083494e-01
1.753727506426735090e+02 3.827683615819209573e-01
1.755269922879177216e+02 3.818267419962335651e-01
1.756812339331619626e+02 3.799435028248587809e-01
1.758354755784061751e+02 3.790018832391713888e-01
1.759897172236503877e+02 3.780602636534839966e-01
1.761439588688946003e+02 3.775894538606403561e-01
1.762982005141388129e+02 3.766478342749529640e-01
1.764524421593830255e+02 3.761770244821092124e-01
1.766066838046272380e+02 3.752354048964218203e-01
1.767609254498714506e+02 3.742937853107345392e-01
1.769151670951156916e+02 3.728813559322033955e-01
1.770694087403599042e+02 3.709981167608286112e-01
1.772236503856041168e+02 3.686440677966101864e-01
1.773778920308483293e+02 3.667608286252354022e-01
1.775321336760925419e+02 3.658192090395480101e-01
1.776863753213367545e+02 3.644067796610169774e-01
1.778406169665809671e+02 3.629943502824859447e-01
1.779948586118251797e+02 3.611111111111111605e-01
1.781491002570693922e+02 3.592278719397363762e-01
1.783033419023136332e+02 3.564030131826741998e-01
1.784575835475578458e+02 3.554613935969868077e-01
1.786118251928020584e+02 3.540489642184557750e-01
1.787660668380462710e+02 3.526365348399247424e-01
1.789203084832904835e+02 3.507532956685499581e-01
1.790745501285346961e+02 3.479284369114877817e-01
1.792287917737789087e+02 3.465160075329567491e-01
1.793830334190231213e+02 3.441619585687382132e-01
1.795372750642673623e+02 3.422787193973635400e-01
1.796915167095115748e+02 3.399246704331450042e-01
1.798457583547557874e+02 3.380414312617702199e-01
1.800000000000000000e+02 3.361581920903955467e-01
1.801542416452442126e+02 3.342749529190207625e-01
1.803084832904884252e+02 3.333333333333333703e-01
1.804627249357326377e+02 3.309792843691149455e-01
1.806169665809768503e+02 3.286252354048964097e-01
1.807712082262210629e+02 3.267419962335217365e-01
1.809254498714653039e+02 3.248587570621469522e-01
1.810796915167095165e+02 3.229755178907721680e-01
1.812339331619537290e+02 3.210922787193973837e-01
1.813881748071979416e+02 3.196798493408663511e-01
1.815424164524421542e+02 3.177966101694915668e-01
1.816966580976863668e+02 3.159133709981167826e-01
1.818508997429305794e+02 3.140301318267419983e-01
1.820051413881747919e+02 3.126177024482109656e-01
1.821593830334190329e+02 3.112052730696799330e-01
1.823136246786632455e+02 3.097928436911487893e-01
1.824678663239074581e+02 3.074387947269303645e-01
1.826221079691516707e+02 3.064971751412429724e-01
1.827763496143958832e+02 3.050847457627119397e-01
1.829305912596400958e+02 3.036723163841807960e-01
1.830848329048843084e+02 3.022598870056497633e-01
1.832390745501285210e+02 3.013182674199623712e-01
1.833933161953727335e+02 2.999058380414313385e-01
1.835475578406169745e+02 2.984934086629001948e-01
1.837017994858611871e+02 2.970809792843691621e-01
1.838560411311053997e+02 2.961393596986817700e-01
1.840102827763496123e+02 2.951977401129943779e-01
1.841645244215938249e+02 2.942561205273069858e-01
1.843187660668380374e+02 2.928436911487759531e-01
1.844730077120822500e+02 2.923728813559322015e-01
1.846272493573264626e+02 2.914312617702448094e-01
1.847814910025707036e+02 2.904896421845574173e-01
1.849357326478149162e+02 2.895480225988701362e-01
1.850899742930591287e+02 2.886064030131827440e-01
1.852442159383033413e+02 2.937853107344633452e-01
1.874035989717223742e+02 2.834274952919021429e-01
1.875578406169665868e+02 2.853107344632768161e-01
1.877120822622107994e+02 2.862523540489642082e-01
1.878663239074550120e+02 2.867231638418079598e-01
1.880205655526992246e+02 2.871939736346516003e-01
1.881748071979434371e+02 2.876647834274953519e-01
1.883290488431876497e+02 2.890772128060263846e-01
1.884832904884318623e+02 2.895480225988701362e-01
1.886375321336761033e+02 2.904896421845574173e-01
1.887917737789203159e+02 2.914312617702448094e-01
1.889460154241645284e+02 2.923728813559322015e-01
1.891002570694087410e+02 2.937853107344633452e-01
1.892544987146529536e+02 2.951977401129943779e-01
1.894087403598971662e+02 2.956685499058380184e-01
1.895629820051413787e+02 2.970809792843691621e-01
1.897172236503855913e+02 2.984934086629001948e-01
1.898714652956298039e+02 3.003766478342749791e-01
1.900257069408740449e+02 3.017890772128060117e-01
1.901799485861182575e+02 3.027306967984934039e-01
1.903341902313624701e+02 3.046139359698681881e-01
1.904884318766066826e+02 3.064971751412429724e-01
1.906426735218508952e+02 3.083804143126177566e-01
1.907969151670951078e+02 3.102636534839925408e-01
1.909511568123393204e+02 3.126177024482109656e-01
1.911053984575835329e+02 3.145009416195857499e-01
1.912596401028277739e+02 3.159133709981167826e-01
1.914138817480719865e+02 3.173258003766478152e-01
1.915681233933161991e+02 3.192090395480225995e-01
1.917223650385604117e+02 3.220338983050847759e-01
1.918766066838046243e+02 3.234463276836158085e-01
1.920308483290488368e+02 3.248587570621469522e-01
1.921850899742930494e+02 3.267419962335217365e-01
1.923393316195372620e+02 3.286252354048964097e-01
1.924935732647814746e+02 3.309792843691149455e-01
1.926478149100257156e+02 3.323917137476459782e-01
1.928020565552699281e+02 3.347457627118644030e-01
1.929562982005141407e+02 3.366290018832391873e-01
1.931105398457583533e+02 3.385122410546139715e-01
1.932647814910025659e+02 3.399246704331450042e-01
1.934190231362467784e+02 3.408662900188323963e-01
1.935732647814909910e+02 3.422787193973635400e-01
1.937275064267352036e+02 3.441619585687382132e-01
1.938817480719794446e+02 3.460451977401129975e-01
1.940359897172236572e+02 3.469868173258003896e-01
1.941902313624678698e+02 3.479284369114877817e-01
1.943444730077120823e+02 3.488700564971751739e-01
1.944987146529562949e+02 3.498116760828625660e-01
1.946529562982005075e+02 3.507532956685499581e-01
1.948071979434447201e+02 3.516949152542373502e-01
1.949614395886889326e+02 3.521657250470809908e-01
1.951156812339331452e+02 3.535781544256121345e-01
1.952699228791773862e+02 3.540489642184557750e-01
1.954241645244215988e+02 3.540489642184557750e-01
1.955784061696658114e+02 3.549905838041431672e-01
1.957326478149100240e+02 3.526365348399247424e-01
1.958868894601542365e+02 3.488700564971751739e-01
1.978920308483290569e+02 3.648775894538606179e-01
1.980462724935732695e+02 3.611111111111111605e-01
1.982005141388174820e+02 3.592278719397363762e-01
1.983547557840616946e+02 3.592278719397363762e-01
1.985089974293059072e+02 3.587570621468927357e-01
1.986632390745501198e+02 3.587570621468927357e-01
1.988174807197943323e+02 3.582862523540489841e-01
1.989717223650385449e+02 3.582862523540489841e-01
1.991259640102827859e+02 3.578154425612053435e-01
1.992802056555269985e+02 3.573446327683615920e-01
1.994344473007712111e+02 3.564030131826741998e-01
1.995886889460154237e+02 3.559322033898305593e-01
1.997429305912596362e+02 3.549905838041431672e-01
1.998971722365038488e+02 3.540489642184557750e-01
2.000514138817480614e+02 3.535781544256121345e-01
2.002056555269922740e+02 3.526365348399247424e-01
2.003598971722364865e+02 3.512241054613935987e-01
2.005141388174807275e+02 3.502824858757062065e-01
2.006683804627249401e+02 3.488700564971751739e-01
2.008226221079691527e+02 3.483992467043314223e-01
2.009768637532133653e+02 3.469868173258003896e-01
2.011311053984575778e+02 3.460451977401129975e-01
2.012853470437017904e+02 3.446327683615819648e-01
2.014395886889460030e+02 3.436911487758945727e-01
2.015938303341902156e+02 3.418079096045197884e-01
2.017480719794344566e+02 3.403954802259887558e-01
2.019023136246786692e+02 3.389830508474576121e-01
2.020565552699228817e+02 3.375706214689265794e-01
2.022107969151670943e+02 3.356873822975517951e-01
2.023650385604113069e+02 3.342749529190207625e-01
2.025192802056555195e+02 3.323917137476459782e-01
2.026735218508997320e+02 3.305084745762711940e-01
2.028277634961439446e+02 3.290960451977401613e-01
2.029820051413881856e+02 3.272128060263653770e-01
2.031362467866323982e+02 3.258003766478343444e-01
2.032904884318766108e+02 3.239171374764595601e-01
2.034447300771208234e+02 3.220338983050847759e-01
2.035989717223650359e+02 3.201506591337099916e-01
2.037532133676092485e+02 3.182674199623352074e-01
2.039074550128534611e+02 3.163841807909605341e-01
2.040616966580976737e+02 3.149717514124293904e-01
2.042159383033418862e+02 3.130885122410546062e-01
2.043701799485861272e+02 3.112052730696799330e-01
2.045244215938303398e+02 3.097928436911487893e-01
2.046786632390745524e+02 3.079096045197740050e-01
2.048329048843187650e+02 3.064971751412429724e-01
2.049871465295629775e+02 3.046139359698681881e-01
2.051413881748071901e+02 3.027306967984934039e-01
2.052956298200514027e+02 3.013182674199623712e-01
2.054498714652956153e+02 2.994350282485875869e-01
2.056041131105398563e+02 2.980225988700565543e-01
2.057583547557840689e+02 2.966101694915254106e-01
2.059125964010282814e+02 2.951977401129943779e-01
2.060668380462724940e+02 2.933145009416195936e-01
2.062210796915167066e+02 2.923728813559322015e-01
2.063753213367609192e+02 2.909604519774011688e-01
2.065295629820051317e+02 2.895480225988701362e-01
2.066838046272493443e+02 2.886064030131827440e-01
2.068380462724935569e+02 2.871939736346516003e-01
2.069922879177377979e+02 2.857815442561205677e-01
2.071465295629820105e+02 2.843691148775895350e-01
2.073007712082262231e+02 2.829566854990583913e-01
2.074550128534704356e+02 2.820150659133709992e-01
2.076092544987146482e+02 2.810734463276836070e-01
2.077634961439588608e+02 2.806026365348399665e-01
2.079177377892030734e+02 2.796610169491525744e-01
2.080719794344472859e+02 2.787193973634651822e-01
2.082262210796915269e+02 2.773069679849341496e-01
2.083804627249357395e+02 2.768361581920903980e-01
2.085347043701799521e+02 2.758945386064030059e-01
2.086889460154241647e+02 2.749529190207156137e-01
2.088431876606683772e+02 2.744821092278719732e-01
2.089974293059125898e+02 2.735404896421845811e-01
2.091516709511568024e+02 2.735404896421845811e-01
2.093059125964010150e+02 2.725988700564971889e-01
2.094601542416452276e+02 2.716572504708097968e-01
2.096143958868894686e+02 2.707156308851224047e-01
2.097686375321336811e+02 2.697740112994350126e-01
2.099228791773778937e+02 2.697740112994350126e-01
2.100771208226221063e+02 2.730696798493409405e-01
2.102313624678663189e+02 2.758945386064030059e-01
2.122365038560411392e+02 2.622410546139359866e-01
2.123907455012853518e+02 2.655367231638418035e-01
2.125449871465295644e+02 2.711864406779661563e-01
2.126992287917737769e+02 2.763653483992467574e-01
2.128534704370179895e+02 2.768361581920903980e-01
2.130077120822622021e+02 2.782485875706215417e-01
2.131619537275064147e+02 2.791902071563089338e-01
2.133161953727506273e+02 2.806026365348399665e-01
2.134704370179948683e+02 2.820150659133709992e-01
2.136246786632390808e+02 2.834274952919021429e-01
2.137789203084832934e+02 2.848399246704331755e-01
2.139331619537275060e+02 2.867231638418079598e-01
2.140874035989717186e+02 2.876647834274953519e-01
2.142416452442159311e+02 2.900188323917137767e-01
2.143958868894601437e+02 2.909604519774011688e-01
2.145501285347043563e+02 2.928436911487759531e-01
2.147043701799485689e+02 2.947269303201507373e-01
2.148586118251928099e+02 2.966101694915254106e-01
2.150128534704370225e+02 2.984934086629001948e-01
2.151670951156812350e+02 2.999058380414313385e-01
2.153213367609254476e+02 3.017890772128060117e-01
2.154755784061696602e+02 3.046139359698681881e-01
2.156298200514138728e+02 3.060263653483992208e-01
2.157840616966580853e+02 3.083804143126177566e-01
2.159383033419022979e+02 3.102636534839925408e-01
2.160925449871465389e+02 3.126177024482109656e-01
2.162467866323907515e+02 3.140301318267419983e-01
2.164010282776349641e+02 3.159133709981167826e-01
2.165552699228791766e+02 3.182674199623352074e-01
2.167095115681233892e+02 3.201506591337099916e-01
2.168637532133676018e+02 3.220338983050847759e-01
2.170179948586118144e+02 3.243879472693032007e-01
2.171722365038560270e+02 3.258003766478343444e-01
2.173264781491002395e+02 3.276836158192090176e-01
2.174807197943444805e+02 3.295668549905838018e-01
2.176349614395886931e+02 3.309792843691149455e-01
2.177892030848329057e+02 3.323917137476459782e-01
2.179434447300771183e+02 3.347457627118644030e-01
2.180976863753213308e+02 3.356873822975517951e-01
2.182519280205655434e+02 3.370998116760829388e-01
2.184061696658097560e+02 3.385122410546139715e-01
2.185604113110539686e+02 3.394538606403013636e-01
2.187146529562982096e+02 3.408662900188323963e-01
2.188688946015424222e+02 3.422787193973635400e-01
2.190231362467866347e+02 3.427495291902071806e-01
2.191773778920308473e+02 3.432203389830508211e-01
2.193316195372750599e+02 3.436911487758945727e-01
2.194858611825192725e+02 3.441619585687382132e-01
2.196401028277634850e+02 3.451035781544256054e-01
2.197943444730076976e+02 3.455743879472693569e-01
2.199485861182519386e+02 3.435342121782800628e-01
2.221079691516709431e+02 3.535781544256121345e-01
2.222622107969151557e+02 3.507532956685499581e-01
2.224164524421593683e+02 3.507532956685499581e-01
2.225706940874036093e+02 3.502824858757062065e-01
2.227249357326478219e+02 3.498116760828625660e-01
2.228791773778920344e+02 3.493408662900188144e-01
2.230334190231362470e+02 3.488700564971751739e-01
2.231876606683804596e+02 3.479284369114877817e-01
2.233419023136246722e+02 3.474576271186441412e-01
2.234961439588688847e+02 3.469868173258003896e-01
2.236503856041130973e+02 3.460451977401129975e-01
2.238046272493573099e+02 3.451035781544256054e-01
2.239588688946015509e+02 3.436911487758945727e-01
2.241131105398457635e+02 3.432203389830508211e-01
2.242673521850899760e+02 3.418079096045197884e-01
2.244215938303341886e+02 3.403954802259887558e-01
2.245758354755784012e+02 3.394538606403013636e-01
2.247300771208226138e+02 3.385122410546139715e-01
2.248843187660668264e+02 3.370998116760829388e-01
2.250385604113110389e+02 3.361581920903955467e-01
2.251928020565552799e+02 3.347457627118644030e-01
2.253470437017994925e+02 3.333333333333333703e-01
2.255012853470437051e+02 3.319209039548023377e-01
2.256555269922879177e+02 3.300376647834275534e-01
2.258097686375321302e+02 3.281544256120527692e-01
2.259640102827763428e+02 3.267419962335217365e-01
2.261182519280205554e+02 3.253295668549905928e-01
2.262724935732647680e+02 3.239171374764595601e-01
2.264267352185089806e+02 3.220338983050847759e-01
2.265809768637532216e+02 3.201506591337099916e-01
2.267352185089974341e+02 3.182674199623352074e-01
2.268894601542416467e+02 3.168549905838041747e-01
2.270437017994858593e+02 3.149717514124293904e-01
2.271979434447300719e+02 3.135593220338983578e-01
2.273521850899742844e+02 3.112052730696799330e-01
2.275064267352184970e+02 3.088512241054613972e-01
2.276606683804627096e+02 3.074387947269303645e-01
2.278149100257069506e+02 3.060263653483992208e-01
2.279691516709511632e+02 3.041431261770245476e-01
2.281233933161953757e+02 3.022598870056497633e-01
2.282776349614395883e+02 3.008474576271186196e-01
2.284318766066838009e+02 2.984934086629001948e-01
2.285861182519280135e+02 2.970809792843691621e-01
2.287403598971722261e+02 2.951977401129943779e-01
2.288946015424164386e+02 2.937853107344633452e-01
2.290488431876606512e+02 2.919020715630885610e-01
2.292030848329048922e+02 2.900188323917137767e-01
2.293573264781491048e+02 2.886064030131827440e-01
2.295115681233933174e+02 2.867231638418079598e-01
2.296658097686375299e+02 2.857815442561205677e-01
2.298200514138817425e+02 2.843691148775895350e-01
2.299742930591259551e+02 2.824858757062147507e-01
2.301285347043701677e+02 2.810734463276836070e-01
2.302827763496143803e+02 2.796610169491525744e-01
2.304370179948586213e+02 2.782485875706215417e-01
2.305912596401028338e+02 2.768361581920903980e-01
2.307455012853470464e+02 2.754237288135593653e-01
2.308997429305912590e+02 2.744821092278719732e-01
2.310539845758354716e+02 2.725988700564971889e-01
2.312082262210796841e+02 2.716572504708097968e-01
2.313624678663238967e+02 2.707156308851224047e-01
2.315167095115681093e+02 2.697740112994350126e-01
2.316709511568123219e+02 2.688323917137477315e-01
2.318251928020565629e+02 2.678907721280603393e-01
2.319794344473007754e+02 2.669491525423729472e-01
2.321336760925449880e+02 2.664783427495291956e-01
2.322879177377892006e+02 2.655367231638418035e-01
2.324421593830334132e+02 2.650659133709981630e-01
2.325964010282776258e+02 2.641242937853107708e-01
2.327506426735218383e+02 2.636534839924670193e-01
2.329048843187660509e+02 2.631826741996233787e-01
2.330591259640102919e+02 2.627118644067797382e-01
2.332133676092545045e+02 2.617702448210923460e-01
2.333676092544987171e+02 2.617702448210923460e-01
2.335218508997429296e+02 2.612994350282485945e-01
2.336760925449871422e+02 2.603578154425612023e-01
2.338303341902313548e+02 2.603578154425612023e-01
2.339845758354755674e+02 2.598870056497175618e-01
2.341388174807197800e+02 2.598870056497175618e-01
2.342930591259639925e+02 2.598870056497175618e-01
2.344473007712082335e+02 2.598870056497175618e-01
2.346015424164524461e+02 2.598870056497175618e-01
2.347557840616966587e+02 2.603578154425612023e-01
2.349100257069408713e+02 2.603578154425612023e-01
2.350642673521850838e+02 2.603578154425612023e-01
2.352185089974292964e+02 2.603578154425612023e-01
2.353727506426735090e+02 2.629943502824858559e-01
2.355269922879177216e+02 2.678907721280603393e-01
2.376863753213367545e+02 2.617702448210923460e-01
2.378406169665809671e+02 2.674199623352165878e-01
2.379948586118251797e+02 2.707156308851224047e-01
2.381491002570693922e+02 2.740112994350283326e-01
2.383033419023136332e+02 2.758945386064030059e-01
2.384575835475578458e+02 2.763653483992467574e-01
2.386118251928020584e+02 2.768361581920903980e-01
2.387660668380462710e+02 2.773069679849341496e-01
2.389203084832904835e+02 2.782485875706215417e-01
2.390745501285346961e+02 2.787193973634651822e-01
2.392287917737789087e+02 2.791902071563089338e-01
2.393830334190231213e+02 2.791902071563089338e-01
2.395372750642673623e+02 2.796610169491525744e-01
2.396915167095115748e+02 2.801318267419962149e-01
