3.433476394849785396e-01 9.751173708920187755e-01
5.150214592274677816e-01 9.702910798122065250e-01
6.866952789699570792e-01 9.667709963484611979e-01
8.583690987124463767e-01 9.490068616829180348e-01
1.030042918454935563e+00 9.393252988722714525e-01
1.201716738197424972e+00 9.338028169014084279e-01
1.373390557939914158e+00 9.291079812206572974e-01
1.545064377682403345e+00 9.258215962441314062e-01
1.716738197424892753e+00 9.187793427230046550e-01
1.888412017167381940e+00 9.056338028169014231e-01
2.060085836909871126e+00 9.014084507042253724e-01
2.231759656652360313e+00 8.956758092414134342e-01
2.403433476394849944e+00 8.893935038804253734e-01
2.575107296137339130e+00 8.819864168831761386e-01
2.746781115879828317e+00 8.698410647370461435e-01
2.918454935622317503e+00 8.543385311871227739e-01
3.090128755364806690e+00 8.389671361502347713e-01
3.261802575107296320e+00 8.328638497652581796e-01
3.433476394849785507e+00 8.178403755868544067e-01
3.605150214592274693e+00 8.018779342723004744e-01
3.776824034334763880e+00 7.938967136150234527e-01
3.948497854077253066e+00 7.877934272300469720e-01
4.120171673819742253e+00 7.727699530516431992e-01
4.291845493562231439e+00 7.652582159624412572e-01
4.463519313304720626e+00 7.502347417840375954e-01
4.635193133047210701e+00 7.370114176181348231e-01
4.806866952789699887e+00 7.278126590870523938e-01
4.978540772532189074e+00 7.178403755868545399e-01
5.150214592274678260e+00 7.093896713615023275e-01
5.321888412017167447e+00 7.023474178403755763e-01
5.493562231759656633e+00 6.943661971830985546e-01
5.665236051502145820e+00 6.868544600938967237e-01
5.836909871244635006e+00 6.774647887323943518e-01
6.008583690987124193e+00 6.671361502347417094e-01
6.180257510729613379e+00 6.600938967136149582e-01
6.351931330472102566e+00 6.488262910798121563e-01
6.523605150214592641e+00 6.403755868544600549e-01
6.695278969957081827e+00 6.333191065585431767e-01
6.866952789699571014e+00 6.262910798122065525e-01
7.038626609442060200e+00 6.201877934272300719e-01
7.210300429184549387e+00 6.145539906103286709e-01
7.381974248927038573e+00 6.089201877934271590e-01
7.553648068669527760e+00 6.018779342723004078e-01
7.725321888412016946e+00 5.948356807511736566e-01
7.896995708154506133e+00 5.868544600938967459e-01
8.068669527896995319e+00 5.779342723004694538e-01
8.240343347639484506e+00 5.723004694835680528e-01
8.412017167381973692e+00 5.680751173708920021e-01
8.583690987124462879e+00 5.643192488262911422e-01
8.755364806866952065e+00 5.615023474178404417e-01
8.927038626609441252e+00 5.586854460093897412e-01
9.098712446351930438e+00 5.563380281690141205e-01
9.270386266094421401e+00 5.539906103286384997e-01
9.442060085836910588e+00 5.516431924882629900e-01
9.613733905579399774e+00 5.502347417840376398e-01
9.785407725321888961e+00 5.483568075117370988e-01
9.957081545064378147e+00 5.469483568075117486e-01
1.012875536480686733e+01 5.455399061032863983e-01
1.030042918454935652e+01 5.460093896713615891e-01
1.047210300429184571e+01 5.507042253521126085e-01
1.064377682403433489e+01 5.558685446009390407e-01
1.081545064377682408e+01 5.605633802816901712e-01
1.098712446351931327e+01 5.652582159624413016e-01
1.115879828326180245e+01 5.708920187793427026e-01
1.133047210300429164e+01 5.760563380281690238e-01
1.150214592274678083e+01 5.816901408450704247e-01
1.167381974248927001e+01 5.971904342723004522e-01
1.184549356223175920e+01 6.100556055006159939e-01
1.201716738197424839e+01 6.051036376992111609e-01
1.218884120171673757e+01 6.126882507164197467e-01
1.236051502145922676e+01 6.226395409494001054e-01
1.253218884120171595e+01 6.293468900186126591e-01
1.270386266094420513e+01 6.399936341211107660e-01
1.287553648068669609e+01 6.494335578689529598e-01
1.304721030042918528e+01 6.595826266499520418e-01
1.321888412017167447e+01 6.727509840185896817e-01
1.339055793991416365e+01 6.859692149580735032e-01
1.356223175965665284e+01 7.040402672444926457e-01
1.373390557939914203e+01 7.137715179968701085e-01
1.390557939914163121e+01 7.224071702944943052e-01
1.407725321888412040e+01 7.326668126201074660e-01
1.424892703862660959e+01 7.401686102276743284e-01
1.442060085836909877e+01 7.476264997391758316e-01
1.459227467811158796e+01 7.536412272082104735e-01
1.476394849785407715e+01 7.615251102575046893e-01
1.493562231759656633e+01 7.685089439591132887e-01
1.510729613733905552e+01 7.761154121195161792e-01
1.527896995708154471e+01 7.834159888910929848e-01
1.545064377682403389e+01 7.886737089201878437e-01
1.562231759656652308e+01 7.990367492310183062e-01
1.579399141630901227e+01 8.123706641141346108e-01
1.596566523605150145e+01 8.072827207145311101e-01
1.613733905579399064e+01 8.139540949400104752e-01
1.630901287553648160e+01 8.417093469910370551e-01
1.648068669527896901e+01 8.206572769953051072e-01
1.665236051502145997e+01 8.257807715860379094e-01
1.682403433476394738e+01 8.286746117732033401e-01
1.699570815450643835e+01 8.301251956181533442e-01
1.716738197424892576e+01 8.281690140845070491e-01
1.733905579399141672e+01 8.262910798122065081e-01
1.751072961373390413e+01 8.253317003470095337e-01
1.768240343347639509e+01 8.229402559145724272e-01
1.785407725321888250e+01 8.214084507042254124e-01
1.802575107296137347e+01 8.180907668231611751e-01
1.819742489270386088e+01 8.155783183952197701e-01
1.836909871244635184e+01 8.105112154407929648e-01
1.854077253218884280e+01 8.062637427943186719e-01
1.871244635193133021e+01 8.007970302434763710e-01
1.888412017167382118e+01 7.959109495683780455e-01
1.905579399141630859e+01 7.911181373958033891e-01
1.922746781115879955e+01 7.846848078763845047e-01
1.939914163090128696e+01 7.799165362545643632e-01
1.957081545064377792e+01 7.743376928236083145e-01
1.974248927038626533e+01 7.673789865630564755e-01
1.991416309012875629e+01 7.610212237613005470e-01
2.008583690987124371e+01 7.556822415977345608e-01
2.025751072961373467e+01 7.491657638136511865e-01
2.042918454935622208e+01 7.422005718521655915e-01
2.060085836909871304e+01 7.343068213200774075e-01
2.077253218884120045e+01 7.268544600938967593e-01
2.094420600858369141e+01 7.173775513601705622e-01
2.111587982832617882e+01 7.101357000450190249e-01
2.128755364806866979e+01 7.008628346656515795e-01
2.145922746781115720e+01 6.920374343189379385e-01
2.163090128755364816e+01 6.822438906945949011e-01
2.180257510729613557e+01 6.721954917913277594e-01
2.197424892703862653e+01 6.617059788449572988e-01
2.214592274678111750e+01 6.493066928704007701e-01
2.231759656652360491e+01 6.375901592047630295e-01
2.248927038626609587e+01 6.279822302993589567e-01
2.266094420600858328e+01 6.177118853471708082e-01
2.283261802575107424e+01 6.052804801316489236e-01
2.300429184549356165e+01 5.957486965343148366e-01
2.317596566523605262e+01 5.854668239320983680e-01
2.334763948497854003e+01 5.725101417566890172e-01
2.351931330472103099e+01 5.635233623966018346e-01
2.369098712446351840e+01 5.478873239436619080e-01
2.386266094420600936e+01 5.355041564370934815e-01
2.403433476394849677e+01 5.267743717205192189e-01
2.420600858369098773e+01 5.201684332800928789e-01
2.437768240343347514e+01 5.015866136992896962e-01
2.454935622317596611e+01 4.870389834863242395e-01
2.472103004291845352e+01 4.800161236780955409e-01
2.489270386266094448e+01 4.666277457491060376e-01
2.506437768240343189e+01 4.577761304670125986e-01
2.523605150214592285e+01 4.510958800933945190e-01
2.540772532188841026e+01 4.396315965006799553e-01
2.557939914163090123e+01 4.361502347417840486e-01
2.575107296137339219e+01 4.234217221391665120e-01
2.592274678111587960e+01 4.144472897994024851e-01
2.609442060085837056e+01 4.038061703554661763e-01
2.626609442060085797e+01 3.930468889285078093e-01
2.643776824034334894e+01 3.742583898452442881e-01
2.660944206008583635e+01 3.748210302001132588e-01
2.678111587982832731e+01 3.608998435054773246e-01
2.695278969957081472e+01 3.554786345189783203e-01
2.712446351931330568e+01 3.508315429298957122e-01
2.729613733905579309e+01 3.469405320813772065e-01
2.746781115879828405e+01 3.401696730088131781e-01
2.763948497854077146e+01 3.359092608749845166e-01
2.781115879828326243e+01 3.369977979974240201e-01
2.798283261802574984e+01 3.291350668111231448e-01
2.815450643776824080e+01 3.177816901408451189e-01
2.832618025751072821e+01 3.184119208001632284e-01
2.849785407725321917e+01 3.080794846598973180e-01
2.866952789699570658e+01 3.177555291588890496e-01
2.884120171673819755e+01 3.006177415369409855e-01
2.901287553648068496e+01 3.053701202649687918e-01
2.918454935622317592e+01 2.957466190175881415e-01
2.935622317596566688e+01 3.027288732394366466e-01
2.952789699570815429e+01 3.025665101721439765e-01
2.969957081545064526e+01 2.912334613743063905e-01
2.987124463519313267e+01 3.014261670652848002e-01
3.004291845493562363e+01 2.892018779342723223e-01
3.021459227467811104e+01 2.894731351069379510e-01
3.038626609442060200e+01 3.027841467409105869e-01
3.055793991416308941e+01 2.901161354089449862e-01
3.072961373390558037e+01 2.899582681272822038e-01
3.090128755364806779e+01 2.915350689998578160e-01
3.107296137339055875e+01 2.946090335114133207e-01
3.124463519313304616e+01 3.162307176391684349e-01
3.141630901287553712e+01 3.163275952008346437e-01
3.158798283261802453e+01 2.954268822813423956e-01
3.175965665236051549e+01 2.931196373644164854e-01
3.193133047210300290e+01 2.912615477813116360e-01
3.210300429184549387e+01 2.731825295205577708e-01
3.227467811158798128e+01 2.880281690140845674e-01
3.244635193133046869e+01 2.867942698928614975e-01
3.261802575107296320e+01 2.868097473731276992e-01
3.278969957081545061e+01 2.862806468440272090e-01
3.296137339055793802e+01 2.759976525821596915e-01
3.313304721030043254e+01 2.773778473308989856e-01
3.330472103004291995e+01 2.793589120932491454e-01
3.347639484978540736e+01 2.814629713766469976e-01
3.364806866952789477e+01 2.836534357661119055e-01
3.381974248927038929e+01 2.936517656664625608e-01
3.399141630901287670e+01 2.956673373574781882e-01
3.416309012875536411e+01 2.945226917057902627e-01
3.433476394849785152e+01 3.034410383871858352e-01
3.450643776824034603e+01 3.110951422822650914e-01
3.467811158798283344e+01 3.137106590158234010e-01
3.484978540772532085e+01 3.190264393377810759e-01
3.502145922746780826e+01 3.201877934272300275e-01
3.519313304721030278e+01 3.292186724684148524e-01
3.536480686695279019e+01 3.390114968023363318e-01
3.553648068669527760e+01 3.375586854460094210e-01
3.570815450643776501e+01 3.450704225352112520e-01
3.587982832618025952e+01 3.563983903420523403e-01
3.605150214592274693e+01 3.683165660630449700e-01
3.622317596566523434e+01 3.828828828828829689e-01
3.639484978540772175e+01 3.902637300311938562e-01
3.656652360515021627e+01 3.987303274574068856e-01
3.673819742489270368e+01 4.007183664234402753e-01
3.690987124463519109e+01 4.079918907383696114e-01
3.708154506437768561e+01 4.265185314787274251e-01
3.725321888412017302e+01 4.337174562526675548e-01
3.742489270386266043e+01 4.445622756144711474e-01
3.759656652360514784e+01 4.546347854569275926e-01
3.776824034334764235e+01 4.646349833896165071e-01
3.793991416309012976e+01 4.742667771333886062e-01
3.811158798283261717e+01 4.857404783731977815e-01
3.828326180257510458e+01 4.925135644204547969e-01
3.845493562231759910e+01 5.006674585666610611e-01
3.862660944206008651e+01 5.061032863849765917e-01
3.879828326180257392e+01 5.179205313179893189e-01
3.896995708154506133e+01 5.258857492782783583e-01
3.914163090128755584e+01 5.313952088599975809e-01
3.931330472103004325e+01 5.413877202609597150e-01
3.948497854077253066e+01 5.506886795386003453e-01
3.965665236051501807e+01 5.555816379760041279e-01
3.982832618025751259e+01 5.618848895844201774e-01
4.000000000000000000e+01 5.682092555331992312e-01
4.017167381974248741e+01 5.749900533142356940e-01
4.034334763948498193e+01 5.797774300121718571e-01
4.051502145922746934e+01 5.887323943661971759e-01
4.068669527896995675e+01 5.957642149191444414e-01
4.085836909871244416e+01 6.014490233582565626e-01
4.103004291845493867e+01 5.995305164319248981e-01
4.120171673819742608e+01 6.112098230408089528e-01
4.137339055793991349e+01 6.121041399914639580e-01
4.154506437768240090e+01 6.218070326722238139e-01
4.171673819742489542e+01 6.208862933699759168e-01
4.188841201716738283e+01 6.287949921752739035e-01
4.206008583690987024e+01 6.303261007486360423e-01
4.223175965665235765e+01 6.183098591549296419e-01
4.240343347639485216e+01 6.319517102615694881e-01
4.257510729613733957e+01 6.295774647887324438e-01
4.274678111587982698e+01 6.273216534982251069e-01
4.291845493562231439e+01 6.242851045667947574e-01
4.309012875536480891e+01 6.170442947540314416e-01
4.326180257510729632e+01 6.186872871214212921e-01
4.343347639484978373e+01 6.161673068715322055e-01
4.360515021459227114e+01 6.122378716744913962e-01
4.377682403433476566e+01 6.039725532683279940e-01
4.394849785407725307e+01 6.031739734179726309e-01
4.412017167381974048e+01 5.983989406524616861e-01
4.429184549356223499e+01 5.897286155960150822e-01
4.446351931330472240e+01 5.843751648467584436e-01
4.463519313304720981e+01 5.829009142574747004e-01
4.480686695278969722e+01 5.793611341250115565e-01
4.497854077253219174e+01 5.739283050326883240e-01
4.515021459227467915e+01 5.659603265237067582e-01
4.532188841201716656e+01 5.621764776694354593e-01
4.549356223175965397e+01 5.558762410528745868e-01
4.566523605150214848e+01 5.505795187793427470e-01
4.583690987124463589e+01 5.623822187202469625e-01
4.600858369098712330e+01 5.333823838553710672e-01
4.618025751072961071e+01 5.232788458243378127e-01
4.635193133047210523e+01 5.148137049245830044e-01
4.652360515021459264e+01 5.054168690302736078e-01
4.669527896995708005e+01 4.960267196017267288e-01
4.686695278969956746e+01 4.865848856580342607e-01
4.703862660944206198e+01 4.771901851359729996e-01
4.721030042918454939e+01 4.682837767344809610e-01
4.738197424892703680e+01 4.572136294248105859e-01
4.755364806866952421e+01 4.505119067820578804e-01
4.772532188841201872e+01 4.434036169680806161e-01
4.789699570815450613e+01 4.345429439381386372e-01
4.806866952789699354e+01 4.637317798589091211e-01
4.824034334763948806e+01 4.155257124140190328e-01
4.841201716738197547e+01 4.045954156310411776e-01
4.858369098712446288e+01 3.957774258966025860e-01
4.875536480686695029e+01 3.864766508320138794e-01
4.892703862660944480e+01 3.772286413089315227e-01
4.909871244635193221e+01 3.689116517285531138e-01
4.927038626609441963e+01 3.631214638256892169e-01
4.944206008583690704e+01 3.573760020440100993e-01
4.961373390557940155e+01 3.474926855820915650e-01
4.978540772532188896e+01 3.346236147040976272e-01
4.995708154506437637e+01 3.248826291079812689e-01
5.012875536480686378e+01 3.176905404055538895e-01
5.030042918454935830e+01 3.104417257804735764e-01
5.047210300429184571e+01 3.001209275857162906e-01
5.064377682403433312e+01 2.963885879378838073e-01
5.081545064377682053e+01 2.901035844697816835e-01
5.098712446351931504e+01 2.837270937452672781e-01
5.115879828326180245e+01 2.778799518876343688e-01
5.133047210300428986e+01 2.720458343280018898e-01
5.150214592274678438e+01 2.653031230863441836e-01
5.167381974248927179e+01 2.600346825698938158e-01
5.184549356223175920e+01 2.542514345331247094e-01
5.201716738197424661e+01 2.451624781367947037e-01
5.218884120171674112e+01 2.367970787689097634e-01
5.236051502145922854e+01 2.364967583277441943e-01
5.253218884120171595e+01 2.330928661399290780e-01
5.270386266094420336e+01 2.187793427230046994e-01
5.287553648068669787e+01 2.269617706237424537e-01
5.304721030042918528e+01 2.170601071216028410e-01
5.321888412017167269e+01 2.206432625604372033e-01
5.339055793991416010e+01 2.102226260790549528e-01
5.356223175965665462e+01 2.162807352590117027e-01
5.373390557939914203e+01 2.140509725016767062e-01
5.390557939914162944e+01 2.119585437151209062e-01
5.407725321888411685e+01 2.012582159624413114e-01
5.424892703862661136e+01 2.100156494522691375e-01
5.442060085836909877e+01 2.082709020077914142e-01
5.459227467811158618e+01 2.084933845497225491e-01
5.476394849785407359e+01 2.079365079365079749e-01
5.493562231759656811e+01 1.949199470326230532e-01
5.510729613733905552e+01 2.071905114899925682e-01
5.527896995708154293e+01 2.223068138561096196e-01
5.545064377682403745e+01 2.093068213200772743e-01
5.562231759656652486e+01 2.093603286384976281e-01
5.579399141630901227e+01 2.282598818718765132e-01
5.596566523605149968e+01 2.128772635814889513e-01
5.613733905579399419e+01 2.334004024144868961e-01
5.630901287553648160e+01 2.304538341158058889e-01
5.648068669527896901e+01 2.095319391094039307e-01
5.665236051502145642e+01 2.081637976004173662e-01
5.682403433476395094e+01 2.081136390995546037e-01
5.699570815450643835e+01 2.073370455289879066e-01
5.716738197424892576e+01 2.199780241734092812e-01
5.733905579399141317e+01 2.079351928564854290e-01
5.751072961373390768e+01 2.091506615450278161e-01
5.768240343347639509e+01 2.191641653197876627e-01
5.785407725321888250e+01 2.203585147247119069e-01
5.802575107296136991e+01 2.218475170270449714e-01
5.819742489270386443e+01 2.244749196936001168e-01
5.836909871244635184e+01 2.269091341296726183e-01
5.854077253218883925e+01 2.238291537844956380e-01
5.871244635193133377e+01 2.286802295252999828e-01
5.888412017167382118e+01 2.328039156927380615e-01
5.905579399141630859e+01 2.318246045854415183e-01
5.922746781115879600e+01 2.403666443103062988e-01
5.939914163090129051e+01 2.451834463571552769e-01
5.957081545064377792e+01 2.552013837410427310e-01
5.974248927038626533e+01 2.625798506888323836e-01
5.991416309012875274e+01 2.652249454733651701e-01
6.008583690987124726e+01 2.729381262700582012e-01
6.025751072961373467e+01 2.800335345405767784e-01
6.042918454935622208e+01 2.836587340132751267e-01
6.060085836909870949e+01 2.910051923017131781e-01
6.077253218884120400e+01 2.983916401635620108e-01
6.094420600858369141e+01 3.122033790041838230e-01
6.111587982832617882e+01 3.218485516272237001e-01
6.128755364806866623e+01 3.293487420247983577e-01
6.145922746781116075e+01 3.341186513017498916e-01
6.163090128755364816e+01 3.424555413287808658e-01
6.180257510729613557e+01 3.515151515151515582e-01
6.197424892703862298e+01 3.605404786442231169e-01
6.214592274678111750e+01 3.686476583075690705e-01
6.231759656652360491e+01 3.746770477940104538e-01
6.248927038626609232e+01 3.860787915901204848e-01
6.266094420600858683e+01 3.948943661971830998e-01
6.283261802575107424e+01 4.028348434556382474e-01
6.300429184549356165e+01 4.125053350405463171e-01
6.317596566523604906e+01 4.174153026265702282e-01
6.334763948497854358e+01 4.281823327672893420e-01
6.351931330472103099e+01 4.358643086589714111e-01
6.369098712446351840e+01 4.435830985915493185e-01
6.386266094420600581e+01 4.498925757937455305e-01
6.403433476394849322e+01 4.566146881287727055e-01
6.420600858369098773e+01 4.629644533869885503e-01
6.437768240343348225e+01 4.663217399635910532e-01
6.454935622317596255e+01 4.753495885708516333e-01
6.472103004291845707e+01 4.772188687681645503e-01
6.489270386266093738e+01 4.821957385337667379e-01
6.506437768240343189e+01 4.903921179660121199e-01
6.523605150214592641e+01 4.987764973680467451e-01
6.540772532188840671e+01 4.985915492957746498e-01
6.557939914163090123e+01 5.055690464626840797e-01
6.575107296137339574e+01 5.043336944745395733e-01
6.592274678111587605e+01 5.117945769857239480e-01
6.609442060085837056e+01 5.138395590936926105e-01
6.626609442060086508e+01 5.219163465642338018e-01
6.643776824034334538e+01 5.192018779342724155e-01
6.660944206008583990e+01 5.177099634846114018e-01
6.678111587982832020e+01 5.183366867873910877e-01
6.695278969957081472e+01 5.153941191005684264e-01
6.712446351931330923e+01 5.118057941142792888e-01
6.729613733905578954e+01 5.085446009389671396e-01
6.746781115879828405e+01 5.054900833572866237e-01
6.763948497854077857e+01 5.026308796173266646e-01
6.781115879828325888e+01 4.996814218645204697e-01
6.798283261802575339e+01 4.961502347417839909e-01
6.815450643776823370e+01 4.894850584991430331e-01
6.832618025751072821e+01 4.899446429822718052e-01
6.849785407725322273e+01 4.828303152246813390e-01
6.866952789699570303e+01 4.821469356680624374e-01
6.884120171673819755e+01 4.773165307635285348e-01
6.901287553648069206e+01 4.728353241813751939e-01
6.918454935622317237e+01 4.658320292123109274e-01
6.935622317596566688e+01 4.630654515327257137e-01
6.952789699570814719e+01 4.576004173187271373e-01
6.969957081545064170e+01 4.494724620122166892e-01
6.987124463519313622e+01 4.417840375586854496e-01
7.004291845493561652e+01 4.360938967136150923e-01
7.021459227467811104e+01 4.323094120277218844e-01
7.038626609442060555e+01 4.247261345852895165e-01
7.055793991416308586e+01 4.209787252040773087e-01
7.072961373390558037e+01 4.134091096285313904e-01
7.090128755364807489e+01 4.086637471890164353e-01
7.107296137339055520e+01 4.020535134928813203e-01
7.124463519313304971e+01 3.954530331595874637e-01
7.141630901287553002e+01 3.859154929577465198e-01
7.158798283261802453e+01 3.760563380281690682e-01
7.175965665236051905e+01 3.676056338028169668e-01
7.193133047210299935e+01 3.631025590160682492e-01
7.210300429184549387e+01 3.531243800833168134e-01
7.227467811158798838e+01 3.473781657078621743e-01
7.244635193133046869e+01 3.397462790929977050e-01
7.261802575107296320e+01 3.319517102615694437e-01
7.278969957081544351e+01 3.238637498751373300e-01
7.296137339055793802e+01 3.128292211900243203e-01
7.313304721030043254e+01 3.096635367762128332e-01
7.330472103004291284e+01 3.002909475633140923e-01
7.347639484978540736e+01 2.949105259576784155e-01
7.364806866952790187e+01 2.879790370127742749e-01
7.381974248927038218e+01 2.805473668886705463e-01
7.399141630901287670e+01 2.806915567478948104e-01
7.416309012875537121e+01 2.659355624843207089e-01
7.433476394849785152e+01 2.626851548567893380e-01
7.450643776824034603e+01 2.538004888837155359e-01
7.467811158798282634e+01 2.486629924474382802e-01
7.484978540772532085e+01 2.419768611670020109e-01
7.502145922746781537e+01 2.347844643619291238e-01
7.519313304721029567e+01 2.281426879031196453e-01
7.536480686695279019e+01 2.265146434160518751e-01
7.553648068669528470e+01 2.216334309487286713e-01
7.570815450643776501e+01 2.131455399061032985e-01
7.587982832618025952e+01 2.086777072692566071e-01
7.605150214592273983e+01 2.046084938751282500e-01
7.622317596566523434e+01 2.006108942813507046e-01
7.639484978540772886e+01 1.974413145539906100e-01
7.656652360515020916e+01 1.914639351259069810e-01
7.673819742489270368e+01 1.807966076026048530e-01
7.690987124463519820e+01 1.869314246132534052e-01
7.708154506437767850e+01 1.930270145462942288e-01
7.725321888412017302e+01 1.829043224866440109e-01
7.742489270386266753e+01 1.711006781429316170e-01
7.759656652360514784e+01 1.691267605633802740e-01
7.776824034334764235e+01 1.675157326940365232e-01
7.793991416309012266e+01 1.535211267605633978e-01
7.811158798283261717e+01 1.521126760563380476e-01
7.828326180257511169e+01 1.502347417840376176e-01
7.845493562231759199e+01 1.762369086312748356e-01
7.862660944206008651e+01 1.891030392883618072e-01
7.879828326180258102e+01 1.770781552057443253e-01
7.896995708154506133e+01 1.603210661820384519e-01
7.914163090128755584e+01 1.785602503912362415e-01
7.931330472103003615e+01 1.612134344528711738e-01
7.948497854077253066e+01 1.848591549295774961e-01
7.965665236051502518e+01 1.880068288518993436e-01
7.982832618025750548e+01 1.628254374733247856e-01
8.000000000000000000e+01 2.015167930660889395e-01
8.017167381974249452e+01 1.977196512407780604e-01
8.034334763948497482e+01 1.953990610328638633e-01
8.051502145922746934e+01 1.765258215962441923e-01
8.068669527896996385e+01 1.896177062374245770e-01
8.085836909871244416e+01 1.887577718563633322e-01
8.103004291845493867e+01 1.761304670126019323e-01
8.120171673819741898e+01 1.860246751828802392e-01
8.137339055793991349e+01 1.756911841418883347e-01
8.154506437768240801e+01 1.857621922008240167e-01
8.171673819742488831e+01 1.774825050934538684e-01
8.188841201716738283e+01 1.865520808466618607e-01
8.206008583690987734e+01 1.883895968403010990e-01
8.223175965665235765e+01 1.887323943661971537e-01
8.240343347639485216e+01 1.966867873910127518e-01
8.257510729613733247e+01 1.936384976525822310e-01
8.274678111587982698e+01 1.958090003435245530e-01
8.291845493562232150e+01 2.030327559225082457e-01
8.309012875536480180e+01 2.062284820031299315e-01
8.326180257510729632e+01 2.011443661971831220e-01
8.343347639484979084e+01 2.117902382850562759e-01
8.360515021459227114e+01 2.213469608209731598e-01
8.377682403433476566e+01 2.267605633802817211e-01
8.394849785407724596e+01 2.250895201718787764e-01
8.412017167381974048e+01 2.342723004694835520e-01
8.429184549356223499e+01 2.357564743298501408e-01
8.446351931330471530e+01 2.513760067178136826e-01
8.463519313304720981e+01 2.576320669112714956e-01
8.480686695278970433e+01 2.616744913928011895e-01
8.497854077253218463e+01 2.692268192488262990e-01
8.515021459227467915e+01 2.742975264522458101e-01
8.532188841201717366e+01 2.778869861856992918e-01
8.549356223175965397e+01 2.869354055366682976e-01
8.566523605150214848e+01 2.918918918918919081e-01
8.583690987124462879e+01 3.023665804349908726e-01
8.600858369098712330e+01 3.096378269617706680e-01
8.618025751072961782e+01 3.201466707789314414e-01
8.635193133047209813e+01 3.250379469801263355e-01
8.652360515021459264e+01 3.340644375156792689e-01
8.669527896995708716e+01 3.405175237471339544e-01
8.686695278969956746e+01 3.455098591549295994e-01
8.703862660944206198e+01 3.520738757614557679e-01
8.721030042918454228e+01 3.569109572690379872e-01
8.738197424892703680e+01 3.651439069197796039e-01
8.755364806866953131e+01 3.700554844216816797e-01
8.772532188841201162e+01 3.787080507737784485e-01
8.789699570815450613e+01 3.836364465107798827e-01
8.806866952789700065e+01 3.909107981220657502e-01
8.824034334763948095e+01 3.966337029267804626e-01
8.841201716738197547e+01 4.032605891760820960e-01
8.858369098712446998e+01 4.039123630672926124e-01
8.875536480686695029e+01 4.061032863849765029e-01
8.892703862660944480e+01 4.098591549295774739e-01
8.909871244635192511e+01 4.156222358304415554e-01
8.927038626609441963e+01 4.209947183098591283e-01
8.944206008583691414e+01 4.223571312935081590e-01
8.961373390557939445e+01 4.253347243957572577e-01
8.978540772532188896e+01 4.284624413145540212e-01
8.995708154506438348e+01 4.339095177123346581e-01
9.012875536480686378e+01 4.369567834356566927e-01
9.030042918454935830e+01 4.356270959087861216e-01
9.047210300429183860e+01 4.416373239436619524e-01
9.064377682403433312e+01 4.392747288327666366e-01
9.081545064377682763e+01 4.439048081593005568e-01
9.098712446351930794e+01 4.378716744913928594e-01
9.115879828326180245e+01 4.319248826291079979e-01
9.133047210300429697e+01 4.305164319248826477e-01
9.150214592274677727e+01 4.324932048430936149e-01
9.167381974248927179e+01 4.305164319248826477e-01
9.184549356223176630e+01 4.295447101211923302e-01
9.201716738197424661e+01 4.270259236578893836e-01
9.218884120171674112e+01 4.250586854460094433e-01
9.236051502145922143e+01 4.225720335082389090e-01
9.253218884120171595e+01 4.191207853179684806e-01
9.270386266094421046e+01 4.161852470756743916e-01
9.287553648068669077e+01 4.156643565094269022e-01
9.304721030042918528e+01 4.090055484421681875e-01
9.321888412017167980e+01 4.074178403755868150e-01
9.339055793991416010e+01 4.009261045726413286e-01
9.356223175965665462e+01 3.992195597829401033e-01
9.373390557939913492e+01 3.919366197183098421e-01
9.390557939914162944e+01 3.870241529498275046e-01
9.407725321888412395e+01 3.844216816047801855e-01
9.424892703862660426e+01 3.796387017758726667e-01
9.442060085836909877e+01 3.723304365198282229e-01
9.459227467811159329e+01 3.647887323943662663e-01
9.476394849785407359e+01 3.617652582159623931e-01
9.493562231759656811e+01 3.561447114056890406e-01
9.510729613733904841e+01 3.505236547490068189e-01
9.527896995708154293e+01 3.449021171051466217e-01
9.545064377682403745e+01 3.366197183098591506e-01
9.562231759656651775e+01 3.327187366623987064e-01
9.579399141630901227e+01 3.290241448692153847e-01
9.596566523605150678e+01 3.220574182558477716e-01
9.613733905579398709e+01 3.135568573683992222e-01
9.630901287553648160e+01 3.065398237377482404e-01
9.648068669527897612e+01 3.048162538449085135e-01
9.665236051502145642e+01 2.939130434782608603e-01
9.682403433476395094e+01 2.905001020616452267e-01
9.699570815450643124e+01 2.813194959229058378e-01
9.716738197424892576e+01 2.804490712390284024e-01
9.733905579399142027e+01 2.724734371139115874e-01
9.751072961373390058e+01 2.664921683493289839e-01
9.768240343347639509e+01 2.630603681083552026e-01
9.785407725321888961e+01 2.554667343399738000e-01
9.802575107296136991e+01 2.494921041399915662e-01
9.819742489270386443e+01 2.467502261274067132e-01
9.836909871244634473e+01 2.380588828923698719e-01
9.854077253218883925e+01 2.330144388342634265e-01
9.871244635193133377e+01 2.275731310942579189e-01
9.888412017167381407e+01 2.221301666206388914e-01
9.905579399141630859e+01 2.201325600662801252e-01
9.922746781115880310e+01 2.127196166690866752e-01
9.939914163090128341e+01 2.094515812825671341e-01
9.957081545064377792e+01 2.130516431924882603e-01
9.974248927038627244e+01 2.012631343617259372e-01
9.991416309012875274e+01 1.959006068933928368e-01
1.000858369098712473e+02 1.921347694007180529e-01
1.002575107296137276e+02 1.855826944791109101e-01
1.004291845493562221e+02 1.872498146775389838e-01
1.006008583690987166e+02 1.791707994445546070e-01
1.007725321888411969e+02 1.754349627174813797e-01
1.009442060085836914e+02 1.776609908205452060e-01
1.011158798283261859e+02 1.744718309859155658e-01
1.012875536480686662e+02 1.659816824443931527e-01
1.014592274678111607e+02 1.698748043818466558e-01
1.016309012875536411e+02 1.612387776954122831e-01
1.018025751072961356e+02 1.594118168128266788e-01
1.019742489270386301e+02 1.578967136150234429e-01
1.021459227467811104e+02 1.557316118935837546e-01
1.023175965665236049e+02 1.545009185548071873e-01
1.024892703862660994e+02 1.534037558685446001e-01
1.026609442060085797e+02 1.533054180941505473e-01
1.028326180257510742e+02 1.525955734406438946e-01
1.030042918454935688e+02 1.522593896713615447e-01
1.031759656652360491e+02 1.415573903189250027e-01
1.033476394849785436e+02 1.532603025560771437e-01
1.035193133047210239e+02 1.552816901408451411e-01
1.036909871244635184e+02 1.570635936833120194e-01
1.038626609442060129e+02 1.581041806393919114e-01
1.040343347639484932e+02 1.408003577017661323e-01
1.042060085836909877e+02 1.407109322602281276e-01
1.043776824034334822e+02 1.557405036278276533e-01
1.045493562231759626e+02 1.546029802000408182e-01
1.047210300429184571e+02 1.528262910798122709e-01
1.048927038626609374e+02 1.392199349945828502e-01
1.050643776824034319e+02 1.522865588593288466e-01
1.052360515021459264e+02 1.512708434515137590e-01
1.054077253218884067e+02 1.500071133873951412e-01
1.055793991416309012e+02 1.502576434215046053e-01
1.057510729613733957e+02 2.066752027315408302e-01
1.059227467811158760e+02 1.574590399540097829e-01
1.060944206008583706e+02 1.511375947995666769e-01
1.062660944206008651e+02 1.588007577629519940e-01
1.064377682403433454e+02 1.548043818466353638e-01
1.066094420600858399e+02 1.612889457959880701e-01
1.067811158798283202e+02 1.551844399731724389e-01
1.069527896995708147e+02 1.628315346625205384e-01
1.071244635193133092e+02 1.639942217407006630e-01
1.072961373390557895e+02 1.689445313858459752e-01
1.074678111587982841e+02 1.770498962768861650e-01
1.076394849785407786e+02 1.813145539906103609e-01
1.078111587982832589e+02 1.861275177949417436e-01
1.079828326180257534e+02 1.898309859154929669e-01
1.081545064377682337e+02 1.969058797227811741e-01
1.083261802575107282e+02 2.162563788528271136e-01
1.084978540772532227e+02 2.074865861837693615e-01
1.086695278969957030e+02 2.131700347009594099e-01
1.088412017167381975e+02 2.152096486967783884e-01
1.090128755364806921e+02 2.230829420970266153e-01
1.091845493562231724e+02 2.294389286538905948e-01
1.093562231759656669e+02 2.371981220657276568e-01
1.095278969957081472e+02 2.424112676056338067e-01
1.096995708154506417e+02 2.488638497652582160e-01
1.098712446351931362e+02 2.545276995305164602e-01
1.100429184549356165e+02 2.631269096057827772e-01
1.102145922746781110e+02 2.700232893423533120e-01
1.103862660944206056e+02 2.764777642231340815e-01
1.105579399141630859e+02 2.822384976525821321e-01
1.107296137339055804e+02 2.883007723761926711e-01
1.109012875536480749e+02 2.948356807511737232e-01
1.110729613733905552e+02 3.006572769953052005e-01
1.112446351931330497e+02 3.067453151960194413e-01
1.114163090128755300e+02 3.136721779955093936e-01
1.115879828326180245e+02 3.184635083226632357e-01
1.117596566523605190e+02 3.253434185359068698e-01
1.119313304721029994e+02 3.309588299024918134e-01
1.121030042918454939e+02 3.356807511737089911e-01
1.122746781115879884e+02 3.435458109481631661e-01
1.124463519313304687e+02 3.482742609503173270e-01
1.126180257510729632e+02 3.520905827119580334e-01
1.127896995708154435e+02 3.559160872407440834e-01
1.129613733905579380e+02 3.584925075567561015e-01
1.131330472103004325e+02 3.626454378444581295e-01
1.133047210300429128e+02 3.660211267605634200e-01
1.134763948497854074e+02 3.675817617569826501e-01
1.136480686695279019e+02 3.723675385647217118e-01
1.138197424892703822e+02 3.729014084507041860e-01
1.139914163090128767e+02 3.769748928352725237e-01
1.141630901287553712e+02 3.794300687848017883e-01
1.143347639484978515e+02 3.802309351605126508e-01
1.145064377682403460e+02 3.828709631526533430e-01
1.146781115879828263e+02 3.862382629107981025e-01
1.148497854077253209e+02 3.862382629107981025e-01
1.150214592274678154e+02 3.848250795093139942e-01
1.151931330472102957e+02 3.856878645611040435e-01
1.153648068669527902e+02 3.851422259044462448e-01
1.155364806866952847e+02 3.827498323272970904e-01
1.157081545064377650e+02 3.824485373781147945e-01
1.158798283261802595e+02 3.798335467349551742e-01
1.160515021459227398e+02 3.767256018379782079e-01
1.162231759656652343e+02 3.723004694835680972e-01
1.163948497854077289e+02 3.723251791450457038e-01
1.165665236051502092e+02 3.699217527386542415e-01
1.167381974248927037e+02 3.657202474103882217e-01
1.169098712446351982e+02 3.628254374733247412e-01
1.170815450643776785e+02 3.591209090290535810e-01
1.172532188841201730e+02 3.570904881342852333e-01
1.174248927038626675e+02 3.524679609186651685e-01
1.175965665236051478e+02 3.478810641627543276e-01
1.177682403433476424e+02 3.445287107258938608e-01
1.179399141630901227e+02 3.403458727045818311e-01
1.181115879828326172e+02 3.352582159624413194e-01
1.182832618025751117e+02 3.295890569755984822e-01
1.184549356223175920e+02 3.259221998658619057e-01
1.186266094420600865e+02 3.212577792335408189e-01
1.187982832618025810e+02 3.165706359368331002e-01
1.189699570815450613e+02 3.109859154929578429e-01
1.191416309012875558e+02 3.062972035109206015e-01
1.193133047210300361e+02 3.007092198581561293e-01
1.194849785407725307e+02 2.960289514866980554e-01
1.196566523605150252e+02 2.897691705790297334e-01
1.198283261802575055e+02 2.842794138568786044e-01
1.200000000000000000e+02 2.806396132571004065e-01
1.201716738197424945e+02 2.750444414057159337e-01
1.203433476394849748e+02 2.683987419663612650e-01
1.205150214592274693e+02 2.648155600268277121e-01
1.206866952789699496e+02 2.592163573340353633e-01
1.208583690987124442e+02 2.511737089201878659e-01
1.210300429184549387e+02 2.471940678337940511e-01
1.212017167381974190e+02 2.411232829073205464e-01
1.213733905579399135e+02 2.369729077830899922e-01
1.215450643776824080e+02 2.296817944705268344e-01
1.217167381974248883e+02 2.263606329334028056e-01
1.218884120171673828e+02 2.187882009035343467e-01
1.220600858369098773e+02 2.149161636485580340e-01
1.222317596566523576e+02 2.069818249430576129e-01
1.224034334763948522e+02 2.014321619955422582e-01
1.225751072961373325e+02 1.965890581584747165e-01
1.227467811158798270e+02 1.935739436619718923e-01
1.229184549356223215e+02 1.881330536409948628e-01
1.230901287553648018e+02 1.836191059399877590e-01
1.232618025751072963e+02 1.768106767948515179e-01
1.234334763948497908e+02 1.746265471617585163e-01
1.236051502145922711e+02 1.701386614259198238e-01
1.237768240343347657e+02 1.661858702415295319e-01
1.239484978540772460e+02 1.594041615950849700e-01
1.241201716738197405e+02 1.525821596244131273e-01
1.242918454935622350e+02 1.514084507042253724e-01
1.244635193133047153e+02 1.506300963676797666e-01
1.246351931330472098e+02 1.471259992386753090e-01
1.248068669527897043e+02 1.447484909456741020e-01
1.249785407725321846e+02 1.388226796677500818e-01
1.251502145922746791e+02 1.319248826291079535e-01
1.253218884120171737e+02 1.327543035993740128e-01
1.254935622317596540e+02 1.340532081377151519e-01
1.256652360515021485e+02 1.322131620130136964e-01
1.258369098712446288e+02 1.254141199397643680e-01
1.260085836909871233e+02 1.233802816901408139e-01
1.261802575107296178e+02 1.219059035061432761e-01
1.263519313304720981e+02 1.193948878455920459e-01
1.265236051502145926e+02 1.112676056338028907e-01
1.266952789699570872e+02 1.154013511966105465e-01
1.268669527896995675e+02 1.145539906103286709e-01
1.270386266094420620e+02 1.128906773977196298e-01
1.272103004291845423e+02 1.107981220657276999e-01
1.273819742489270368e+02 1.192488262910798014e-01
1.275536480686695313e+02 1.186660191031244649e-01
1.277253218884120116e+02 1.191444966092853885e-01
1.278969957081545061e+02 9.812206572769954782e-02
1.280686695278969864e+02 9.718309859154927732e-02
1.282403433476394810e+02 1.088028169014084723e-01
1.284120171673819755e+02 1.087636932707355397e-01
1.285836909871244700e+02 1.186854460093896835e-01
1.287553648068669645e+02 1.205143906919780017e-01
1.289270386266094306e+02 1.198748043818466114e-01
1.290987124463519251e+02 1.083894672382118562e-01
1.292703862660944196e+02 1.083568075117370411e-01
1.294420600858369141e+02 1.092813289996388271e-01
1.296137339055794087e+02 1.108587005906407352e-01
1.297854077253218748e+02 1.118675013041210420e-01
1.299570815450643693e+02 1.195694492156189614e-01
1.301287553648068638e+02 1.200170721297482146e-01
1.303004291845493583e+02 1.214863649985016281e-01
1.304721030042918528e+02 1.224155389855472453e-01
1.306437768240343473e+02 1.199220480113385445e-01
1.308154506437768134e+02 1.173708920187793714e-01
1.309871244635193079e+02 1.237770710283204734e-01
1.311587982832618025e+02 1.308808072314484594e-01
1.313304721030042970e+02 1.350261191562521779e-01
1.315021459227467915e+02 1.386953298739806995e-01
1.316738197424892576e+02 1.399765258215962538e-01
1.318454935622317521e+02 1.466191786735739910e-01
1.320171673819742466e+02 1.485405184731577455e-01
1.321888412017167411e+02 1.566063044936285564e-01
1.323605150214592356e+02 1.602883293024137679e-01
1.325321888412017302e+02 1.673799205489345798e-01
1.327038626609441963e+02 1.710261569416499094e-01
1.328755364806866908e+02 1.786966447000043479e-01
1.330472103004291853e+02 1.828339735381989684e-01
1.332188841201716798e+02 1.900502429783379466e-01
1.333905579399141743e+02 1.945766553343047933e-01
1.335622317596566404e+02 2.008587135347699171e-01
1.337339055793991349e+02 2.078376595662128068e-01
1.339055793991416294e+02 2.126566561905870456e-01
1.340772532188841240e+02 2.206954463910836273e-01
1.342489270386266185e+02 2.266621232772981775e-01
1.344206008583690846e+02 2.326577350280545353e-01
1.345922746781115791e+02 2.380163332938809440e-01
1.347639484978540736e+02 2.442189862337869055e-01
1.349356223175965681e+02 2.531699683194015282e-01
1.351072961373390626e+02 2.607602604876572139e-01
1.352789699570815571e+02 2.645102251929657422e-01
1.354506437768240232e+02 2.687222433701307311e-01
1.356223175965665178e+02 2.734004024144869316e-01
1.357939914163090123e+02 2.769953051643192499e-01
1.359656652360515068e+02 2.836648758530565528e-01
1.361373390557940013e+02 2.906298904538341388e-01
1.363090128755364674e+02 2.953051643192488029e-01
1.364806866952789619e+02 3.000000000000000444e-01
1.366523605150214564e+02 3.046948356807511749e-01
1.368240343347639509e+02 3.093896713615024163e-01
1.369957081545064455e+02 3.136150234741784670e-01
1.371673819742489400e+02 3.173708920187793270e-01
1.373390557939914061e+02 3.197183098591549477e-01
1.375107296137339006e+02 3.220657276995305685e-01
1.376824034334763951e+02 3.244131455399060782e-01
1.378540772532188896e+02 3.267605633802816989e-01
1.380257510729613841e+02 3.276995305164319694e-01
1.381974248927038502e+02 3.330444203683641247e-01
1.383690987124463447e+02 3.343505477308295060e-01
1.385407725321888393e+02 3.361502347417840708e-01
1.387124463519313338e+02 3.356096172997581339e-01
1.388841201716738283e+02 3.366197183098591506e-01
1.390557939914162944e+02 3.355811637501778799e-01
1.392274678111587889e+02 3.360035211267605737e-01
1.393991416309012834e+02 3.370892018779343413e-01
1.395708154506437779e+02 3.359741784037558743e-01
1.397424892703862724e+02 3.366197183098591506e-01
1.399141630901287670e+02 3.355242566510172608e-01
1.400858369098712330e+02 3.350352112676056038e-01
1.402575107296137276e+02 3.356807511737089911e-01
1.404291845493562221e+02 3.337357478202549466e-01
1.406008583690987166e+02 3.333333333333333703e-01
1.407725321888412111e+02 3.290533901080904267e-01
1.409442060085836772e+02 3.234741784037559187e-01
1.411158798283261717e+02 3.215962441314553777e-01
1.412875536480686662e+02 3.197183098591549477e-01
1.414592274678111607e+02 3.178403755868545177e-01
1.416309012875536553e+02 3.159624413145539767e-01
1.418025751072961498e+02 3.131455399061032763e-01
1.419742489270386159e+02 3.098591549295774961e-01
1.421459227467811104e+02 3.065727699530516048e-01
1.423175965665236049e+02 3.028169014084507449e-01
1.424892703862660994e+02 2.990610328638497739e-01
1.426609442060085939e+02 2.948356807511737232e-01
1.428326180257510600e+02 2.915492957746479430e-01
1.430042918454935545e+02 2.873239436619718923e-01
1.431759656652360491e+02 2.830985915492958416e-01
1.433476394849785436e+02 2.788732394366197909e-01
1.435193133047210381e+02 2.741784037558685494e-01
1.436909871244635326e+02 2.694835680751174189e-01
1.438626609442059987e+02 2.647887323943661775e-01
1.440343347639484932e+02 2.560883028668464734e-01
1.442060085836909877e+02 2.508623671855696458e-01
1.443776824034334822e+02 2.455399061032863539e-01
1.445493562231759768e+02 2.419773543220105072e-01
1.447210300429184429e+02 2.375586854460094433e-01
1.448927038626609374e+02 2.344771660264618474e-01
1.450643776824034319e+02 2.282120859714864558e-01
1.452360515021459264e+02 2.233888177550149567e-01
1.454077253218884209e+02 2.165710311250217401e-01
1.455793991416308870e+02 2.102851677969048705e-01
1.457510729613733815e+02 2.042385152033697748e-01
1.459227467811158760e+02 1.971830985915493661e-01
1.460944206008583706e+02 1.919159400849541619e-01
1.462660944206008651e+02 1.870276676238662450e-01
1.464377682403433596e+02 1.806070747919862329e-01
1.466094420600858257e+02 1.755964357574015811e-01
1.467811158798283202e+02 1.701095461658841401e-01
1.469527896995708147e+02 1.651168660709778635e-01
1.471244635193133092e+02 1.585799440839795738e-01
1.472961373390558037e+02 1.539582321515299279e-01
1.474678111587982698e+02 1.498211491169237908e-01
1.476394849785407644e+02 1.452078323600137777e-01
1.478111587982832589e+02 1.394366197183098954e-01
1.479828326180257534e+02 1.369780084012849342e-01
1.481545064377682479e+02 1.333079558431671252e-01
1.483261802575107424e+02 1.286384976525821733e-01
1.484978540772532085e+02 1.274137579097774919e-01
1.486695278969957030e+02 1.242566510172145033e-01
1.488412017167381975e+02 1.192488262910798014e-01
1.490128755364806921e+02 1.188399212479176459e-01
1.491845493562231866e+02 1.161345852895148134e-01
1.493562231759656527e+02 1.134369435000809334e-01
1.495278969957081472e+02 1.234741784037558521e-01
1.496995708154506417e+02 1.168108063586196232e-01
1.498712446351931362e+02 1.121638924455826691e-01
1.500429184549356307e+02 1.042065727699530431e-01
1.502145922746781252e+02 1.055399061032863406e-01
1.503862660944205913e+02 1.039514866979656116e-01
1.505579399141630859e+02 9.787711777913865596e-02
1.507296137339055804e+02 1.002816901408450923e-01
1.509012875536480749e+02 9.842462180490352264e-02
1.510729613733905694e+02 9.693197947374165846e-02
1.512446351931330355e+02 9.089201877934272034e-02
1.514163090128755300e+02 9.429577464788729824e-02
1.515879828326180245e+02 9.290832715591790247e-02
1.517596566523605190e+02 9.734805227762965973e-02
1.519313304721030136e+02 8.698250106700811113e-02
1.521030042918454797e+02 9.608763693270738759e-02
1.522746781115879742e+02 9.083749810692109961e-02
1.524463519313304687e+02 8.930248155600273297e-02
1.526180257510729632e+02 8.379342723004701288e-02
1.527896995708154577e+02 8.906277169187970522e-02
1.529613733905579522e+02 8.417169684775316352e-02
1.531330472103004183e+02 8.487051340299867075e-02
1.533047210300429128e+02 8.963112005365536650e-02
1.534763948497854074e+02 8.654147104851328542e-02
1.536480686695279019e+02 8.819068255687978475e-02
1.538197424892703964e+02 8.979732050841637836e-02
1.539914163090128625e+02 9.039692701664536756e-02
1.541630901287553570e+02 9.533513135550897299e-02
1.543347639484978515e+02 9.630046948356807412e-02
1.545064377682403460e+02 9.788732394366195244e-02
1.546781115879828405e+02 9.720048687184834613e-02
1.548497854077253351e+02 9.938225846305914768e-02
1.550214592274678012e+02 1.035054773082942914e-01
1.551931330472102957e+02 1.055667337357478752e-01
1.553648068669527902e+02 1.080512928316166299e-01
1.555364806866952847e+02 1.082533850445669410e-01
1.557081545064377792e+02 1.114241001564945099e-01
1.558798283261802453e+02 1.146040688575900024e-01
1.560515021459227398e+02 1.187191525219695176e-01
1.562231759656652343e+02 1.228424042195560562e-01
1.563948497854077289e+02 1.274233637116819473e-01
1.565665236051502234e+02 1.309859154929577940e-01
1.567381974248926895e+02 1.373187271778820717e-01
1.569098712446351840e+02 1.428658909981629366e-01
1.570815450643776785e+02 1.479416851989127091e-01
1.572532188841201730e+02 1.534969265766420454e-01
1.574248927038626675e+02 1.592246548598521549e-01
1.575965665236051620e+02 1.647203610009572161e-01
1.577682403433476281e+02 1.706705642660997224e-01
1.579399141630901227e+02 1.771148100725565833e-01
1.581115879828326172e+02 1.826877934272300719e-01
1.582832618025751117e+02 1.882629107981220740e-01
1.584549356223176062e+02 1.924882629107981247e-01
1.586266094420600723e+02 1.981220657276995256e-01
1.587982832618025668e+02 2.042253521126761173e-01
1.589699570815450613e+02 2.093896713615023275e-01
1.591416309012875558e+02 2.150234741784037285e-01
1.593133047210300504e+02 2.201877934272300497e-01
1.594849785407725449e+02 2.253521126760563709e-01
1.596566523605150110e+02 2.305164319248826921e-01
1.598283261802575055e+02 2.356807511737089023e-01
1.600000000000000000e+02 2.403755868544601437e-01
1.601716738197424945e+02 2.455399061032863539e-01
1.603433476394849890e+02 2.507042253521126751e-01
1.605150214592274551e+02 2.553990610328639166e-01
1.606866952789699496e+02 2.604694835680750886e-01
1.608583690987124442e+02 2.633802816901408272e-01
1.610300429184549387e+02 2.650776453593354232e-01
1.612017167381974332e+02 2.714443523888429022e-01
1.613733905579399277e+02 2.749729144095340860e-01
1.615450643776823938e+02 2.784037558685446001e-01
1.617167381974248883e+02 2.796474754962524623e-01
1.618884120171673828e+02 2.821861989547346239e-01
1.620600858369098773e+02 2.868544600938967015e-01
1.622317596566523719e+02 2.865983781476739711e-01
1.624034334763948380e+02 2.885606320851941131e-01
1.625751072961373325e+02 2.917903819312270830e-01
1.627467811158798270e+02 2.908864954432477390e-01
1.629184549356223215e+02 2.923122065727700170e-01
1.630901287553648160e+02 2.985915492957746942e-01
1.632618025751072821e+02 2.937161430119176186e-01
1.634334763948497766e+02 2.941008369054909366e-01
1.636051502145922711e+02 2.986384976525821022e-01
1.637768240343347657e+02 3.014084507042253946e-01
1.639484978540772602e+02 2.936713615023474055e-01
1.641201716738197547e+02 2.932359589636585051e-01
1.642918454935622208e+02 2.956127570017808015e-01
1.644635193133047153e+02 2.916488831981790542e-01
1.646351931330472098e+02 2.904170118751725482e-01
1.648068669527897043e+02 2.938967136150234527e-01
1.649785407725321988e+02 2.878776935114962798e-01
1.651502145922746649e+02 2.864286494158750918e-01
1.653218884120171595e+02 2.867264191207853363e-01
1.654935622317596540e+02 2.840475476975327096e-01
1.656652360515021485e+02 2.806222958667035083e-01
1.658369098712446430e+02 2.800425192665426666e-01
1.660085836909871375e+02 2.769623589490157745e-01
1.661802575107296036e+02 2.728700069268067407e-01
1.663519313304720981e+02 2.718309859154929287e-01
1.665236051502145926e+02 2.673113306705907632e-01
1.666952789699570872e+02 2.633207696885538907e-01
1.668669527896995817e+02 2.590808005930319569e-01
1.670386266094420478e+02 2.553634040530100568e-01
1.672103004291845423e+02 2.500163773337701345e-01
1.673819742489270368e+02 2.463081519419548782e-01
1.675536480686695313e+02 2.431924882629108442e-01
1.677253218884120258e+02 2.384370740572466785e-01
1.678969957081544919e+02 2.342523224453102459e-01
1.680686695278969864e+02 2.314553990610328515e-01
1.682403433476394810e+02 2.258215962441314506e-01
1.684120171673819755e+02 2.201877934272300497e-01
1.685836909871244700e+02 2.145539906103286487e-01
1.687553648068669645e+02 2.093896713615023275e-01
1.689270386266094306e+02 2.042253521126761173e-01
1.690987124463519251e+02 1.990610328638497961e-01
1.692703862660944196e+02 1.943661971830986657e-01
1.694420600858369141e+02 1.896713615023474242e-01
1.696137339055794087e+02 1.849765258215962938e-01
1.697854077253218748e+02 1.802816901408450523e-01
1.699570815450643693e+02 1.755868544600939218e-01
1.701287553648068638e+02 1.708920187793427914e-01
1.703004291845493583e+02 1.661971830985915499e-01
1.704721030042918528e+02 1.615023474178404195e-01
1.706437768240343473e+02 1.568075117370891780e-01
1.708154506437768134e+02 1.498506188647034110e-01
1.709871244635193079e+02 1.455399061032863761e-01
1.711587982832618025e+02 1.419567211699314102e-01
1.713304721030042970e+02 1.347887323943661730e-01
1.715021459227467915e+02 1.314674371012399812e-01
1.716738197424892576e+02 1.273458935430766825e-01
1.718454935622317521e+02 1.228043818466353354e-01
1.720171673819742466e+02 1.179625699401891659e-01
1.721888412017167411e+02 1.144235785080855994e-01
1.723605150214592356e+02 1.118957878727765420e-01
1.725321888412017302e+02 1.078179220249030346e-01
1.727038626609441963e+02 1.046379285815906002e-01
1.728755364806866908e+02 1.024327784891165827e-01
1.730472103004291853e+02 9.718309859154927732e-02
1.732188841201716798e+02 9.669822211960288350e-02
1.733905579399141743e+02 9.239112837947227597e-02
1.735622317596566404e+02 9.007377598926902262e-02
1.737339055793991349e+02 8.930620761606677949e-02
1.739055793991416294e+02 8.309859154929577496e-02
1.740772532188841240e+02 8.466034301044356170e-02
1.742489270386266185e+02 7.887323943661972425e-02
1.744206008583690846e+02 8.137715179968696422e-02
1.745922746781115791e+02 7.974669723768978979e-02
1.747639484978540736e+02 7.549295774647890589e-02
1.749356223175965681e+02 7.692488262910801566e-02
1.751072961373390626e+02 7.245273442456545698e-02
1.752789699570815571e+02 7.389149713093379201e-02
1.754506437768240232e+02 7.270288397048962903e-02
1.756223175965665178e+02 6.572769953051649239e-02
1.757939914163090123e+02 7.078600636074516839e-02
1.759656652360515068e+02 6.291079812206579192e-02
1.761373390557940013e+02 6.928236083165661974e-02
1.763090128755364674e+02 6.561935716865296975e-02
1.764806866952789619e+02 6.448826291079812201e-02
1.766523605150214564e+02 6.812728221178931953e-02
1.768240343347639509e+02 6.354929577464785151e-02
1.769957081545064455e+02 6.793066088840737926e-02
1.771673819742489400e+02 6.433802816901412758e-02
1.773390557939914061e+02 6.377753701697363997e-02
1.775107296137339006e+02 6.457204767063917661e-02
1.776824034334763951e+02 6.438631790744464567e-02
1.778540772532188896e+02 6.908521838099312973e-02
1.780257510729613841e+02 6.784037558685451774e-02
1.781974248927038502e+02 6.933911159263272950e-02
1.783690987124463447e+02 7.328211694408870436e-02
1.785407725321888393e+02 7.089201877934270257e-02
1.787124463519313338e+02 7.671913835956922778e-02
1.788841201716738283e+02 7.875152147452613161e-02
1.790557939914162944e+02 7.920858484238768593e-02
1.792274678111587889e+02 8.230532621013442185e-02
1.793991416309012834e+02 8.403755868544604546e-02
1.795708154506437779e+02 8.905742145178763280e-02
1.797424892703862724e+02 9.267197387221881577e-02
1.799141630901287670e+02 9.718309859154927732e-02
1.800858369098712330e+02 1.058792146820315416e-01
1.802575107296137276e+02 1.065727699530516492e-01
1.804291845493562221e+02 1.095971175892563876e-01
1.806008583690987166e+02 1.119138359569180619e-01
1.807725321888412111e+02 1.146975973487986966e-01
1.809442060085836772e+02 1.215962441314554221e-01
1.811158798283261717e+02 1.258215962441314728e-01
1.812875536480686662e+02 1.300469483568075235e-01
1.814592274678111607e+02 1.352112676056338447e-01
1.816309012875536553e+02 1.403755868544601659e-01
1.818025751072961498e+02 1.460093896713615669e-01
1.819742489270386159e+02 1.516431924882629678e-01
1.821459227467811104e+02 1.572769953051643688e-01
1.823175965665236049e+02 1.619718309859154992e-01
1.824892703862660994e+02 1.666666666666667407e-01
1.826609442060085939e+02 1.708920187793427914e-01
1.828326180257510600e+02 1.746478873239436513e-01
1.830042918454935545e+02 1.788732394366197020e-01
1.831759656652360491e+02 1.834898278560249674e-01
1.833476394849785436e+02 1.896713615023474242e-01
1.835193133047210381e+02 1.932690882134914245e-01
1.836909871244635326e+02 1.983261890181670095e-01
1.838626609442059987e+02 2.033997085964061036e-01
1.840343347639484932e+02 2.073440643863179167e-01
1.842060085836909877e+02 2.113719353155972813e-01
1.843776824034334822e+02 2.145722821779160183e-01
1.845493562231759768e+02 2.171044283720340307e-01
1.847210300429184429e+02 2.228804197735432258e-01
1.848927038626609374e+02 2.243842542434091314e-01
1.850643776824034319e+02 2.281533646322378983e-01
1.852360515021459264e+02 2.293550778354337405e-01
1.854077253218884209e+02 2.336079369297546782e-01
1.855793991416308870e+02 2.375586854460094433e-01
1.857510729613733815e+02 2.375586854460094433e-01
1.859227467811158760e+02 2.397078768909755020e-01
1.860944206008583706e+02 2.409344958640733392e-01
1.862660944206008651e+02 2.393908164433757868e-01
1.864377682403433596e+02 2.402273288855942823e-01
1.866094420600858257e+02 2.454191817572100032e-01
1.867811158798283202e+02 2.420325876829605427e-01
1.869527896995708147e+02 2.306371562709590428e-01
1.871244635193133092e+02 2.441627543035993497e-01
1.872961373390558037e+02 2.434707007476960561e-01
1.874678111587982698e+02 2.434091729866378895e-01
1.876394849785407644e+02 2.432968179447052570e-01
1.878111587982832589e+02 2.480214621059690927e-01
1.879828326180257534e+02 2.427684385885203744e-01
1.881545064377682479e+02 2.463792858159055132e-01
1.883261802575107424e+02 2.456874580818242393e-01
1.884978540772532085e+02 2.435223956350717200e-01
1.886695278969957030e+02 2.388967136150234039e-01
1.888412017167381975e+02 2.441314553990610037e-01
1.890128755364806921e+02 2.364527908189879568e-01
1.891845493562231866e+02 2.349016082309459685e-01
1.893562231759656527e+02 2.355409050044950936e-01
1.895278969957081472e+02 2.356807511737089023e-01
1.896995708154506417e+02 2.338028169014084723e-01
1.898712446351931362e+02 2.290909090909091228e-01
1.900429184549356307e+02 2.264063915657689163e-01
1.902145922746780968e+02 2.242097026604068510e-01
1.903862660944205913e+02 2.215053763440860690e-01
1.905579399141630859e+02 2.186493318887684500e-01
1.907296137339055804e+02 2.159203980099503317e-01
1.909012875536480749e+02 2.127431254191817223e-01
1.910729613733905694e+02 2.095568846871181945e-01
1.912446351931330355e+02 2.058841940532081249e-01
1.914163090128755300e+02 2.013906222142984870e-01
1.915879828326180245e+02 1.973004694835680528e-01
1.917596566523605190e+02 1.936905988778198084e-01
1.919313304721030136e+02 1.891102713844039496e-01
1.921030042918454797e+02 1.850104643927824588e-01
1.922746781115879742e+02 1.809076682316118623e-01
1.924463519313304687e+02 1.767633915945472367e-01
1.926180257510729632e+02 1.726210924081071907e-01
1.927896995708154577e+02 1.684808439112038814e-01
1.929613733905579522e+02 1.648177128615313514e-01
1.931330472103004183e+02 1.606807511737089467e-01
1.933047210300429128e+02 1.574612230344090147e-01
1.934763948497854074e+02 1.510266417783812098e-01
1.936480686695279019e+02 1.468452994389098931e-01
1.938197424892703964e+02 1.440492957746479785e-01
1.939914163090128625e+02 1.403274346936318473e-01
1.941630901287553570e+02 1.366073634791202807e-01
1.943347639484978515e+02 1.342723004694835742e-01
1.945064377682403460e+02 1.295774647887324438e-01
1.946781115879828405e+02 1.253521126760563931e-01
1.948497854077253351e+02 1.211267605633803424e-01
1.950214592274678012e+02 1.173708920187793714e-01
1.951931330472102957e+02 1.136150234741784004e-01
1.953648068669527902e+02 1.103286384976526202e-01
1.955364806866952847e+02 1.065727699530516492e-01
1.957081545064377792e+02 1.028169014084506783e-01
1.958798283261802453e+02 9.999999999999997780e-02
1.960515021459227398e+02 9.671361502347419759e-02
1.962231759656652343e+02 9.342723004694841737e-02
1.963948497854077289e+02 9.154929577464787638e-02
1.965665236051502234e+02 9.014084507042252614e-02
1.967381974248926895e+02 8.826291079812209617e-02
1.969098712446351840e+02 8.685446009389674593e-02
1.970815450643776785e+02 8.544600938967139570e-02
1.972532188841201730e+02 7.955790297339593309e-02
1.974248927038626675e+02 7.605633802816902378e-02
1.975965665236051620e+02 7.501067008109263412e-02
1.977682403433476281e+02 7.183098591549297307e-02
1.979399141630901227e+02 7.088110055682939059e-02
1.981115879828326172e+02 6.950592443550196453e-02
1.982832618025751117e+02 6.767270288397053690e-02
1.984549356223176062e+02 6.551101480678944711e-02
1.986266094420600723e+02 6.307176391683433359e-02
1.987982832618025668e+02 6.301810865191148636e-02
1.989699570815450613e+02 6.009389671361509144e-02
1.991416309012875558e+02 6.131739934556834637e-02
1.993133047210300504e+02 6.003521126760569260e-02
1.994849785407725449e+02 5.680751173708920021e-02
1.996566523605150110e+02 5.767940979208585617e-02
1.998283261802575055e+02 5.509859154929575009e-02
2.000000000000000000e+02 5.559467918622851279e-02
2.001716738197424945e+02 5.625978090766825535e-02
2.003433476394849890e+02 5.421514594815268762e-02
2.005150214592274551e+02 5.614241001564945766e-02
2.006866952789699496e+02 5.305164319248834026e-02
2.008583690987124442e+02 5.511328842620943913e-02
2.010300429184549387e+02 5.409267197387224169e-02
2.012017167381974332e+02 5.680751173708920021e-02
2.013733905579398993e+02 5.667605633802819121e-02
2.015450643776823938e+02 5.727699530516439097e-02
2.017167381974248883e+02 6.071093226022805656e-02
2.018884120171673828e+02 6.103286384976525092e-02
2.020600858369098773e+02 6.288608846058818536e-02
2.022317596566523719e+02 6.685446009389672817e-02
2.024034334763948380e+02 6.948356807511735234e-02
2.025751072961373325e+02 7.089201877934270257e-02
2.027467811158798270e+02 7.276995305164324357e-02
2.029184549356223215e+02 7.558685446009394404e-02
2.030901287553648160e+02 7.840375586854464451e-02
2.032618025751072821e+02 8.169014084507042472e-02
2.034334763948497766e+02 8.450704225352112520e-02
2.036051502145922711e+02 8.779342723004701643e-02
2.037768240343347657e+02 9.107981220657279664e-02
2.039484978540772602e+02 9.483568075117376761e-02
2.041201716738197547e+02 9.859154929577462756e-02
2.042918454935622208e+02 1.032863849765258690e-01
2.044635193133047153e+02 1.065727699530516492e-01
2.046351931330472098e+02 1.093683311993171037e-01
2.048068669527897043e+02 1.136150234741784004e-01
2.049785407725321988e+02 1.186406316688006779e-01
2.051502145922746649e+02 1.223578508085551020e-01
2.053218884120171595e+02 1.258215962441314728e-01
2.054935622317596540e+02 1.302034428794992538e-01
2.056652360515021485e+02 1.360264148996543909e-01
2.058369098712446430e+02 1.402672444925966433e-01
2.060085836909871375e+02 1.464788732394366466e-01
2.061802575107296036e+02 1.506356491005961251e-01
2.063519313304720981e+02 1.563380281690140983e-01
2.065236051502145926e+02 1.594767104499656973e-01
2.066952789699570872e+02 1.656899249905564586e-01
2.068669527896995817e+02 1.690781049935979885e-01
2.070386266094420478e+02 1.755868544600939218e-01
2.072103004291845423e+02 1.776857221761944938e-01
2.073819742489270368e+02 1.825145997938852904e-01
2.075536480686695313e+02 1.852816901408451677e-01
2.077253218884120258e+02 1.902810804219254859e-01
2.078969957081544919e+02 1.937317599289430925e-01
2.080686695278969864e+02 1.961099932930919776e-01
2.082403433476394810e+02 1.995655525190946911e-01
2.084120171673819755e+02 1.999413145539906678e-01
2.085836909871244700e+02 2.044879446168537118e-01
2.087553648068669645e+02 2.074434485702091324e-01
2.089270386266094306e+02 2.095921936849858280e-01
2.090987124463519251e+02 2.086704624912596451e-01
2.092703862660944196e+02 2.173708920187793492e-01
2.094420600858369141e+02 2.117732033224991595e-01
2.096137339055794087e+02 2.133281168492436874e-01
2.097854077253218748e+02 2.244131455399061004e-01
2.099570815450643693e+02 2.142583898452443680e-01
2.101287553648068638e+02 2.199921752738653868e-01
2.103004291845493583e+02 2.209838742600530592e-01
2.104721030042918528e+02 2.200857317819964187e-01
2.106437768240343473e+02 2.139280125195618387e-01
2.108154506437768134e+02 2.209430496019596513e-01
2.109871244635193079e+02 2.200449071239027887e-01
2.111587982832618025e+02 2.139718309859155454e-01
2.113304721030042970e+02 2.262910798122066414e-01
2.115021459227467915e+02 2.138421929426018719e-01
2.116738197424892576e+02 2.134493233913283827e-01
2.118454935622317521e+02 2.215962441314553999e-01
2.120171673819742466e+02 2.117370892018779482e-01
2.121888412017167411e+02 2.139882027205971537e-01
2.123605150214592356e+02 2.133691035099485322e-01
2.125321888412017302e+02 2.083653435766111839e-01
2.127038626609441963e+02 2.095733823229229964e-01
2.128755364806866908e+02 2.082746478873239715e-01
2.130472103004291853e+02 2.034428794992174661e-01
2.132188841201716798e+02 2.044420368364030516e-01
2.133905579399141743e+02 2.021387584767867507e-01
2.135622317596566404e+02 1.996211185240095443e-01
2.137339055793991349e+02 1.947574334898278803e-01
2.139055793991416294e+02 1.940688575899842672e-01
2.140772532188841240e+02 1.901257004391943006e-01
2.142489270386266185e+02 1.872878295413507033e-01
2.144206008583690846e+02 1.816072908036453493e-01
2.145922746781115791e+02 1.801436067384700745e-01
2.147639484978540736e+02 1.767672702883971159e-01
2.149356223175965681e+02 1.713422085021544250e-01
2.151072961373390626e+02 1.704225352112676006e-01
2.152789699570815571e+02 1.636767976278724612e-01
2.154506437768240232e+02 1.600938967136150692e-01
2.156223175965665178e+02 1.591549295774647987e-01
2.157939914163090123e+02 1.528169014084507227e-01
2.159656652360515068e+02 1.500586854460094210e-01
2.161373390557940013e+02 1.474178403755869171e-01
2.163090128755364674e+02 1.409481277911370789e-01
2.164806866952789619e+02 1.384686721149945843e-01
2.166523605150214564e+02 1.340258215962440991e-01
2.168240343347639509e+02 1.294499507332058652e-01
2.169957081545064455e+02 1.263802222618412019e-01
2.171673819742489400e+02 1.214560087799525512e-01
2.173390557939914061e+02 1.169508277736595048e-01
2.175107296137339006e+02 1.133320470769824118e-01
2.176824034334763951e+02 1.098591549295775405e-01
2.178540772532188896e+02 1.051374916163648754e-01
2.180257510729613841e+02 1.007824726134586291e-01
2.181974248927038502e+02 9.799779066556202345e-02
2.183690987124463447e+02 9.483568075117376761e-02
2.185407725321888393e+02 9.021197894437338327e-02
2.187124463519313338e+02 8.656992459809365048e-02
2.188841201716738283e+02 8.239797760924516545e-02
2.190557939914162944e+02 7.915199530516436877e-02
2.192274678111587889e+02 7.635923065273364507e-02
2.193991416309012834e+02 7.464788732394367354e-02
2.195708154506437779e+02 7.230046948356805281e-02
2.197424892703862724e+02 6.948356807511735234e-02
2.199141630901287670e+02 6.713615023474184262e-02
2.200858369098712330e+02 6.431924882629114215e-02
2.202575107296137276e+02 6.244131455399060115e-02
2.204291845493562221e+02 5.915492957746482094e-02
2.206008583690987166e+02 5.774647887323947071e-02
2.207725321888412111e+02 5.539906103286384997e-02
2.209442060085836772e+02 5.305164319248834026e-02
2.211158798283261717e+02 5.117370892018779927e-02
2.212875536480686662e+02 4.929577464788736929e-02
2.214592274678111607e+02 4.694835680751174856e-02
2.216309012875536553e+02 4.507042253521131858e-02
2.218025751072961498e+02 4.366197183098596835e-02
2.219742489270386159e+02 4.225352112676061811e-02
2.221459227467811104e+02 4.131455399061034761e-02
2.223175965665236049e+02 4.037558685446007711e-02
2.224892703862660994e+02 3.943661971830991764e-02
2.226609442060085939e+02 3.849765258215964714e-02
2.228326180257510600e+02 3.755868544600937664e-02
2.230042918454935545e+02 3.521126760563386693e-02
2.231759656652360491e+02 3.491566684054947522e-02
2.233476394849785436e+02 3.401147626499734233e-02
2.235193133047210381e+02 3.286384976525824619e-02
2.236909871244635326e+02 3.270735524256651594e-02
2.238626609442059987e+02 3.139416207389278402e-02
2.240343347639484932e+02 3.098591549295781622e-02
2.242060085836909877e+02 3.098591549295781622e-02
2.243776824034334822e+02 3.218779342722999370e-02
2.245493562231759768e+02 3.351390393643915999e-02
2.247210300429184429e+02 3.568075117370894667e-02
2.248927038626609374e+02 3.615023474178402640e-02
2.250643776824034319e+02 3.708920187793429690e-02
2.252360515021459264e+02 3.849765258215964714e-02
2.254077253218884209e+02 3.990610328638499738e-02
2.255793991416308870e+02 4.084507042253526787e-02
2.257510729613733815e+02 4.272300469483569785e-02
2.259227467811158760e+02 4.413145539906104808e-02
2.260944206008583706e+02 4.600938967136147806e-02
2.262660944206008651e+02 4.882629107981217853e-02
2.264377682403433596e+02 5.164319248826287900e-02
2.266094420600858257e+02 5.399061032863849974e-02
2.267811158798283202e+02 5.727699530516439097e-02
2.269527896995708147e+02 6.237424547283709764e-02
2.271244635193133092e+02 6.607981220657277444e-02
2.272961373390558037e+02 6.980078670219513892e-02
2.274678111587982698e+02 7.443217865753082307e-02
2.276394849785407644e+02 7.861032863849770624e-02
2.278111587982832589e+02 8.233644289982322562e-02
2.279828326180257534e+02 8.608357966730417754e-02
2.281545064377682479e+02 8.923541247484911842e-02
2.283261802575107424e+02 9.374206020436348652e-02
2.284978540772532085e+02 9.792553772245882193e-02
2.286695278969957030e+02 1.016566833953915783e-01
2.288412017167381975e+02 1.067221510883482605e-01
2.290128755364806921e+02 1.121148346014786412e-01
2.291845493562231866e+02 1.178403755868544511e-01
2.293562231759656527e+02 1.218629961587708310e-01
2.295278969957081472e+02 1.255367410455240362e-01
2.296995708154506417e+02 1.313486982501067546e-01
2.298712446351931362e+02 1.356227251147333890e-01
2.300429184549356307e+02 1.427230046948356756e-01
2.302145922746780968e+02 1.452686489306207474e-01
2.303862660944205913e+02 1.497972684592402404e-01
2.305579399141630859e+02 1.554102392130561894e-01
2.307296137339055804e+02 1.592882397264244743e-01
2.309012875536480749e+02 1.631485885007012415e-01
2.310729613733905694e+02 1.647633549042000212e-01
2.312446351931330355e+02 1.723004694835681416e-01
2.314163090128755300e+02 1.736222462983025849e-01
2.315879828326180245e+02 1.745286534018928304e-01
2.317596566523605190e+02 1.796665047757810552e-01
2.319313304721030136e+02 1.854460093896713735e-01
2.321030042918454797e+02 1.820512820512820706e-01
2.322746781115879742e+02 1.839225831177542236e-01
2.324463519313304687e+02 1.934272300469483952e-01
2.326180257510729632e+02 1.913889843123783852e-01
2.327896995708154577e+02 1.892861442157216523e-01
2.329613733905579522e+02 1.901960784313725394e-01
2.331330472103004183e+02 2.023474178403755763e-01
2.333047210300429128e+02 1.977196512407780604e-01
2.334763948497854074e+02 1.914151576123407361e-01
2.336480686695279019e+02 1.981220657276995256e-01
2.338197424892703964e+02 1.922535211267605293e-01
2.339914163090128625e+02 1.988175969396627218e-01
2.341630901287553570e+02 2.051643192488262768e-01
2.343347639484978515e+02 1.980872891671013880e-01
2.345064377682403460e+02 1.921864520456070258e-01
2.346781115879828405e+02 1.921968593168205119e-01
2.348497854077253351e+02 1.976687712481787207e-01
2.350214592274678012e+02 1.971205007824725630e-01
2.351931330472102957e+02 1.965669014084506783e-01
2.353648068669527902e+02 1.956539235412475541e-01
2.355364806866952847e+02 1.932542624166048162e-01
2.357081545064377792e+02 1.883970489604291920e-01
2.358798283261802453e+02 1.867083985393844792e-01
2.360515021459227398e+02 1.882129657376886422e-01
2.362231759656652343e+02 1.865286959854364213e-01
2.363948497854077289e+02 1.847598410978692485e-01
2.365665236051502234e+02 1.830290384280994775e-01
2.367381974248926895e+02 1.808747220163083869e-01
2.369098712446351840e+02 1.787167449139280828e-01
2.370815450643776785e+02 1.768717568569310172e-01
2.372532188841201730e+02 1.754359490274982614e-01
2.374248927038626675e+02 1.714118041582830543e-01
2.375965665236051620e+02 1.697404553104793212e-01
2.377682403433476281e+02 1.712177828878030938e-01
2.379399141630901227e+02 1.723004694835681416e-01
2.381115879828326172e+02 1.704225352112676006e-01
2.382832618025751117e+02 1.690140845070422504e-01
2.384549356223176062e+02 1.630488815244407474e-01
2.386266094420600723e+02 1.560250391236306378e-01
2.387982832618025668e+02 1.638497652582159292e-01
2.389699570815450613e+02 1.549765258215962671e-01
2.391416309012875558e+02 1.448218724109362476e-01
2.393133047210300504e+02 1.279884434814012595e-01
2.394849785407725449e+02 1.971830985915490331e-02
