3.847328244274809350e+00 9.741379310344827624e-01
4.122137404580152875e+00 9.435736677115987847e-01
4.396946564885496400e+00 9.106583072100313814e-01
4.671755725190839925e+00 8.761755485893416573e-01
4.946564885496183450e+00 8.416927899686520442e-01
5.221374045801526975e+00 7.915360501567397788e-01
5.496183206106870500e+00 7.296238244514106075e-01
5.770992366412214025e+00 6.684952978056426520e-01
6.045801526717557550e+00 6.089341692789969063e-01
6.320610687022901075e+00 5.525078369905955800e-01
6.595419847328244600e+00 4.984326018808777903e-01
6.870229007633588125e+00 4.482758620689655249e-01
7.145038167938931650e+00 4.036050156739812156e-01
7.419847328244275175e+00 3.589341692789969063e-01
7.694656488549618700e+00 3.354231974921629833e-01
7.969465648854962225e+00 3.142633228840125970e-01
8.244274809160305750e+00 2.962382445141066301e-01
8.519083969465649275e+00 2.805642633228840888e-01
8.793893129770992800e+00 2.829153605015674033e-01
9.068702290076336325e+00 2.899686520376175691e-01
9.343511450381679850e+00 2.970219435736677349e-01
9.618320610687023375e+00 3.076305527945562002e-01
9.893129770992366900e+00 3.231314964527305378e-01
1.016793893129771043e+01 3.377742946708464089e-01
1.044274809160305395e+01 3.510971786833856356e-01
1.071755725190839748e+01 3.667711598746081769e-01
1.099236641221374100e+01 3.847962382445141438e-01
1.126717557251908453e+01 4.075235109717868509e-01
1.154198473282442805e+01 4.357366771159875141e-01
1.181679389312977158e+01 4.733542319749216576e-01
1.209160305343511510e+01 5.109717868338558011e-01
1.236641221374045863e+01 5.470219435736677349e-01
1.264122137404580215e+01 5.791536050156740334e-01
1.291603053435114568e+01 6.128526645768025416e-01
1.319083969465648920e+01 6.528213166144201107e-01
1.346564885496183273e+01 6.951410658307209944e-01
1.374045801526717625e+01 7.280564263322883978e-01
1.401526717557251978e+01 7.523510971786834256e-01
1.429007633587786330e+01 7.719435736677116022e-01
1.456488549618320683e+01 7.884012539184952484e-01
1.483969465648855035e+01 8.032915360501566848e-01
1.511450381679389388e+01 8.166144200626959115e-01
1.538931297709923740e+01 8.299373040752351383e-01
1.566412213740458093e+01 8.385579937304075138e-01
1.593893129770992445e+01 8.456112852664576796e-01
1.621374045801526620e+01 8.589341692789969063e-01
1.648854961832061150e+01 8.605015673981191160e-01
1.676335877862595680e+01 8.612852664576802209e-01
1.703816793893129855e+01 8.636363636363636465e-01
1.731297709923664030e+01 8.785266457680250829e-01
1.758778625954198560e+01 8.816614420062696134e-01
1.786259541984733090e+01 8.816614420062696134e-01
1.813740458015267265e+01 8.753918495297805524e-01
1.841221374045801440e+01 8.683385579937303866e-01
1.868702290076335970e+01 8.597178683385580111e-01
1.896183206106870500e+01 8.463949843260187844e-01
1.923664122137404675e+01 8.307210031347962431e-01
1.951145038167938850e+01 8.134796238244513811e-01
1.978625954198473380e+01 7.962382445141066301e-01
2.006106870229007910e+01 7.774294670846395583e-01
2.033587786259542085e+01 7.578369905956112706e-01
2.061068702290076260e+01 7.358934169278996684e-01
2.088549618320610790e+01 7.123824451410658565e-01
2.116030534351145320e+01 6.896551724137931494e-01
2.143511450381679495e+01 6.771159874608150275e-01
2.170992366412213670e+01 6.598746081504702765e-01
2.198473282442748200e+01 6.387147335423197791e-01
2.225954198473282730e+01 6.144200626959248623e-01
2.253435114503816905e+01 5.987460815047022100e-01
2.280916030534351080e+01 5.854231974921630943e-01
2.308396946564885610e+01 5.673981191222570164e-01
2.335877862595420140e+01 5.470219435736677349e-01
2.363358778625954315e+01 5.274294670846395583e-01
2.390839694656488490e+01 5.086206896551723755e-01
2.418320610687023020e+01 4.898119122257053037e-01
2.445801526717557550e+01 4.678683385579937015e-01
2.473282442748091725e+01 4.467084639498433152e-01
2.500763358778625900e+01 4.278996865203762434e-01
2.528244274809160430e+01 4.059561128526646412e-01
2.555725190839694960e+01 3.847962382445141438e-01
2.583206106870229135e+01 3.620689655172414367e-01
2.610687022900763310e+01 3.401253918495298345e-01
2.638167938931297840e+01 3.173981191222571274e-01
2.665648854961832370e+01 2.946708463949843093e-01
2.693129770992366545e+01 2.719435736677116022e-01
2.720610687022900720e+01 2.492163009404388951e-01
2.748091603053435250e+01 2.288401253918496137e-01
2.775572519083969780e+01 2.178683385579938125e-01
2.803053435114503955e+01 2.053291536050156907e-01
2.830534351145038130e+01 1.935736677115987847e-01
2.858015267175572660e+01 1.912225705329153591e-01
2.885496183206107190e+01 1.935736677115987847e-01
2.912977099236641365e+01 1.982758620689655249e-01
2.940458015267175540e+01 1.943573667711598896e-01
2.967938931297710070e+01 1.873040752351097238e-01
2.995419847328244600e+01 1.857366771159875141e-01
3.022900763358778775e+01 1.810344827586207739e-01
3.050381679389312950e+01 1.778996865203762434e-01
3.077862595419847480e+01 1.818181818181818787e-01
3.105343511450382010e+01 1.904388714733542542e-01
3.132824427480916185e+01 1.990595611285266298e-01
3.160305343511450360e+01 2.061128526645767955e-01
3.187786259541984890e+01 2.147335423197492821e-01
3.215267175572519420e+01 2.225705329153605527e-01
3.242748091603053240e+01 2.311912225705329282e-01
3.270229007633587770e+01 2.358934169278996684e-01
3.297709923664122300e+01 2.390282131661441989e-01
3.325190839694656830e+01 2.468652037617554695e-01
3.352671755725191360e+01 2.711598746081504974e-01
3.380152671755725180e+01 3.079937304075235360e-01
3.407633587786259710e+01 3.205329153605015469e-01
3.435114503816794240e+01 3.307210031347962431e-01
3.462595419847328060e+01 3.440438871473354698e-01
3.490076335877862590e+01 3.793103448275861878e-01
3.517557251908397120e+01 4.075235109717868509e-01
3.545038167938931650e+01 4.184952978056426520e-01
3.572519083969466180e+01 4.263322884012539227e-01
3.600000000000000000e+01 4.318181818181818787e-01
3.627480916030534530e+01 4.498432601880878456e-01
3.654961832061069060e+01 4.678683385579937015e-01
3.682442748091602880e+01 4.811912225705329282e-01
3.709923664122137410e+01 4.905956112852665196e-01
3.737404580152671940e+01 5.022908126356402381e-01
3.764885496183206470e+01 5.258620689655172376e-01
3.792366412213741000e+01 5.454545454545454142e-01
3.819847328244274820e+01 5.619122257053291714e-01
3.847328244274809350e+01 5.752351097178682870e-01
3.874809160305343880e+01 5.854231974921630943e-01
3.902290076335877700e+01 5.940438871473354698e-01
3.929770992366412230e+01 6.003134796238245308e-01
3.957251908396946760e+01 6.050156739811911599e-01
3.984732824427481290e+01 6.081504702194358014e-01
4.012213740458015820e+01 6.152037617554859672e-01
4.039694656488549640e+01 6.214733542319749171e-01
4.067175572519084170e+01 6.222570532915361330e-01
4.094656488549618700e+01 6.238244514106583427e-01
4.122137404580152520e+01 6.285266457680250829e-01
4.149618320610687050e+01 6.277429467084639780e-01
4.177099236641221580e+01 6.206896551724138122e-01
4.204580152671756110e+01 6.120689655172413257e-01
4.232061068702290640e+01 6.097178683385580111e-01
4.259541984732824460e+01 6.073667711598746966e-01
4.287022900763358990e+01 6.034482758620689502e-01
4.314503816793893520e+01 6.034482758620689502e-01
4.341984732824427340e+01 6.065830721003134807e-01
4.369465648854961870e+01 6.105015673981191160e-01
4.396946564885496400e+01 6.120689655172413257e-01
4.424427480916030930e+01 6.167711598746081769e-01
4.451908396946565460e+01 6.167711598746081769e-01
4.479389312977099280e+01 6.152037617554859672e-01
4.506870229007633810e+01 6.128526645768025416e-01
4.534351145038168340e+01 6.026645768025078453e-01
4.561832061068702160e+01 5.940438871473354698e-01
4.589312977099236690e+01 5.846394984326018784e-01
4.616793893129771220e+01 5.752351097178682870e-01
4.644274809160305750e+01 5.579937304075235360e-01
4.671755725190840280e+01 5.415360501567398899e-01
4.699236641221374100e+01 5.313479623824450826e-01
4.726717557251908630e+01 5.219435736677116022e-01
4.754198473282443160e+01 5.125391849529781219e-01
4.781679389312976980e+01 5.023510971786834256e-01
4.809160305343511510e+01 4.960815047021943647e-01
4.836641221374046040e+01 4.882445141065830940e-01
4.864122137404580570e+01 4.772727272727272929e-01
4.891603053435115100e+01 4.694357366771160223e-01
4.919083969465648920e+01 4.631661442006269613e-01
4.946564885496183450e+01 4.568965517241379004e-01
4.974045801526717980e+01 4.514106583072100554e-01
5.001526717557251800e+01 4.435736677115987847e-01
5.029007633587786330e+01 4.373040752351097238e-01
5.056488549618320860e+01 4.380877742946708286e-01
5.083969465648855390e+01 4.349529780564264092e-01
5.111450381679389920e+01 4.302507836990595580e-01
5.138931297709923740e+01 4.239811912225706081e-01
5.166412213740458270e+01 4.145768025078370167e-01
5.193893129770992800e+01 4.004702194357366851e-01
5.221374045801526620e+01 3.800940438871474036e-01
5.248854961832061150e+01 3.542319749216301661e-01
5.276335877862595680e+01 3.354231974921629833e-01
5.303816793893130210e+01 3.221003134796238676e-01
5.331297709923664740e+01 3.103448275862069616e-01
5.358778625954198560e+01 2.938871473354232045e-01
5.386259541984733090e+01 2.884012539184953594e-01
5.413740458015267620e+01 2.915360501567398899e-01
5.441221374045801440e+01 2.954545454545455252e-01
5.468702290076335970e+01 3.056426332288401104e-01
5.496183206106870500e+01 3.205329153605015469e-01
5.523664122137405030e+01 3.173981191222571274e-01
5.551145038167939560e+01 3.079414838035527957e-01
5.578625954198473380e+01 3.025078369905956910e-01
5.606106870229007910e+01 2.993730407523511605e-01
5.633587786259542440e+01 2.954545454545455252e-01
5.661068702290076260e+01 2.923197492163009947e-01
5.688549618320610790e+01 3.717027295664806497e-01
5.716030534351145320e+01 3.888018112156043093e-01
5.743511450381679850e+01 3.869383490073146081e-01
5.770992366412214380e+01 3.887147335423197791e-01
5.798473282442748200e+01 3.949843260188088401e-01
5.825954198473282730e+01 3.952082400358263303e-01
5.853435114503817260e+01 3.962904911180773482e-01
5.880916030534351080e+01 4.332736229287953433e-01
5.908396946564885610e+01 4.848247363921345254e-01
5.935877862595420140e+01 4.819749216300940331e-01
5.963358778625954670e+01 4.804075235109718234e-01
5.990839694656489200e+01 4.843260188087774587e-01
6.018320610687023020e+01 4.937304075235109391e-01
6.045801526717557550e+01 5.039184952978056353e-01
6.073282442748092080e+01 5.180250783699059669e-01
6.100763358778625900e+01 5.368338557993730387e-01
6.128244274809160430e+01 5.532915360501566848e-01
6.155725190839694960e+01 5.705329153605016579e-01
6.183206106870229490e+01 5.869905956112853040e-01
6.210687022900764021e+01 6.034482758620689502e-01
6.238167938931297840e+01 6.183385579937303866e-01
6.265648854961832370e+01 6.316614420062696134e-01
6.293129770992366900e+01 6.449843260188088401e-01
6.320610687022900720e+01 6.575235109717868509e-01
6.348091603053435250e+01 6.692789968652037569e-01
6.375572519083969780e+01 6.794670846394984531e-01
6.403053435114503600e+01 6.880877742946709397e-01
6.430534351145038841e+01 6.935736677115987847e-01
6.458015267175572660e+01 6.974921630094044200e-01
6.485496183206106480e+01 6.920062695924764640e-01
6.512977099236641720e+01 6.920062695924764640e-01
6.540458015267175540e+01 6.951410658307209944e-01
6.567938931297710781e+01 6.982758620689655249e-01
6.595419847328244600e+01 6.998432601880877346e-01
6.622900763358778420e+01 7.021943573667711602e-01
6.650381679389313661e+01 7.045454545454545858e-01
6.677862595419847480e+01 6.967084639498433152e-01
6.705343511450382721e+01 6.849529780564262982e-01
6.732824427480916540e+01 6.692789968652037569e-01
6.760305343511450360e+01 6.481191222570532595e-01
6.787786259541985601e+01 6.371473354231975694e-01
6.815267175572519420e+01 6.261755485893416573e-01
6.842748091603053240e+01 6.152037617554859672e-01
6.870229007633588481e+01 6.018808777429467405e-01
6.897709923664122300e+01 6.010971786833856356e-01
6.925190839694656120e+01 6.010971786833856356e-01
6.952671755725191360e+01 5.995297805642633149e-01
6.980152671755725180e+01 5.885579937304075138e-01
7.007633587786260421e+01 5.783699059561129285e-01
7.035114503816794240e+01 5.658307210031348067e-01
7.062595419847328060e+01 5.532915360501566848e-01
7.090076335877863301e+01 5.321316614420062985e-01
7.117557251908397120e+01 5.250783699059561327e-01
7.145038167938932361e+01 5.023510971786834256e-01
7.172519083969466180e+01 4.819749216300940331e-01
7.200000000000000000e+01 4.702194357366771271e-01
7.227480916030535241e+01 4.474921630094044200e-01
7.254961832061069060e+01 4.365203761755486189e-01
7.282442748091602880e+01 4.255485893416928178e-01
7.309923664122138121e+01 4.090909090909090606e-01
7.337404580152671940e+01 3.996865203761755803e-01
7.364885496183205760e+01 3.910658307210032048e-01
7.392366412213741000e+01 3.894984326018808840e-01
7.419847328244274820e+01 3.871473354231975694e-01
7.447328244274810061e+01 3.855799373040752487e-01
7.474809160305343880e+01 3.871473354231975694e-01
7.502290076335877700e+01 3.965517241379310498e-01
7.529770992366412941e+01 3.996865203761755803e-01
7.557251908396946760e+01 3.879310344827586743e-01
7.584732824427482001e+01 3.871473354231975694e-01
7.612213740458015820e+01 3.785266457680250829e-01
7.639694656488549640e+01 3.753918495297805524e-01
7.667175572519084881e+01 3.659874608150470721e-01
7.694656488549618700e+01 3.589341692789969063e-01
7.722137404580152520e+01 3.636363636363636465e-01
7.749618320610687761e+01 3.722570532915360220e-01
7.777099236641221580e+01 3.793103448275861878e-01
7.804580152671755400e+01 3.847962382445141438e-01
7.832061068702290640e+01 3.894984326018808840e-01
7.859541984732824460e+01 3.949843260188088401e-01
7.887022900763359701e+01 3.989028213166144754e-01
7.914503816793893520e+01 4.004702194357366851e-01
7.941984732824427340e+01 4.051724137931034253e-01
7.969465648854962581e+01 4.145768025078370167e-01
7.996946564885496400e+01 4.224137931034482873e-01
8.024427480916031641e+01 4.255485893416928178e-01
8.051908396946565460e+01 4.318181818181818787e-01
8.079389312977099280e+01 4.451410658307209944e-01
8.106870229007634521e+01 4.521943573667711602e-01
8.134351145038168340e+01 4.623824451410658565e-01
8.161832061068702160e+01 4.741379310344827624e-01
8.189312977099237401e+01 4.851097178683385636e-01
8.216793893129771220e+01 4.937304075235109391e-01
8.244274809160305040e+01 5.015673981191222097e-01
8.271755725190840280e+01 5.219435736677116022e-01
8.299236641221374100e+01 5.384012539184952484e-01
8.326717557251909341e+01 5.462382445141065190e-01
8.354198473282443160e+01 5.556426332288402214e-01
8.381679389312976980e+01 5.681818181818181213e-01
8.409160305343512221e+01 5.854231974921630943e-01
8.436641221374046040e+01 5.932601880877743650e-01
8.464122137404581281e+01 6.003134796238245308e-01
8.491603053435115100e+01 6.089341692789969063e-01
8.519083969465648920e+01 6.214733542319749171e-01
8.546564885496184161e+01 6.269592476489027622e-01
8.574045801526717980e+01 6.300940438871474036e-01
8.601526717557251800e+01 6.300940438871474036e-01
8.629007633587787041e+01 6.308777429467085085e-01
8.656488549618320860e+01 6.300940438871474036e-01
8.683969465648854680e+01 6.308777429467085085e-01
8.711450381679389920e+01 6.332288401253918231e-01
8.738931297709923740e+01 6.277429467084639780e-01
8.766412213740458981e+01 6.199059561128525964e-01
8.793893129770992800e+01 6.159874608150470721e-01
8.821374045801526620e+01 6.089341692789969063e-01
8.848854961832061861e+01 6.003134796238245308e-01
8.876335877862595680e+01 5.815047021943573480e-01
8.903816793893130921e+01 5.721003134796238676e-01
8.931297709923664740e+01 5.626959247648902762e-01
8.958778625954198560e+01 5.517241379310344751e-01
8.986259541984733801e+01 5.446708463949843093e-01
9.013740458015267620e+01 5.399686520376175691e-01
9.041221374045801440e+01 5.423197492163009947e-01
9.068702290076336681e+01 5.446708463949843093e-01
9.096183206106870500e+01 5.470219435736677349e-01
9.123664122137404320e+01 5.595611285266457458e-01
9.151145038167939560e+01 5.642633228840125970e-01
9.178625954198473380e+01 5.642633228840125970e-01
9.206106870229008621e+01 5.603448275862068506e-01
9.233587786259542440e+01 5.579937304075235360e-01
9.261068702290076260e+01 5.462382445141065190e-01
9.288549618320611501e+01 5.289968652037617680e-01
9.316030534351145320e+01 5.078369905956112706e-01
9.343511450381680561e+01 5.039184952978056353e-01
9.370992366412214380e+01 4.976489028213166854e-01
9.398473282442748200e+01 4.741379310344827624e-01
9.425954198473283441e+01 4.576802507836991163e-01
9.453435114503817260e+01 4.506269592476489505e-01
9.480916030534351080e+01 4.474921630094044200e-01
9.508396946564886321e+01 4.380877742946708286e-01
9.535877862595420140e+01 4.341692789968651933e-01
9.563358778625953960e+01 4.341692789968651933e-01
9.590839694656489200e+01 4.326018808777429836e-01
9.618320610687023020e+01 4.318181818181818787e-01
9.645801526717558261e+01 4.318181818181818787e-01
9.673282442748092080e+01 4.278996865203762434e-01
9.700763358778625900e+01 4.200626959247648617e-01
9.728244274809161141e+01 4.161442006269592264e-01
9.755725190839694960e+01 4.137931034482759118e-01
9.783206106870230201e+01 4.075235109717868509e-01
9.810687022900764021e+01 3.981191222570532595e-01
9.838167938931297840e+01 3.902821316614419889e-01
9.865648854961833081e+01 3.887147335423197791e-01
9.893129770992366900e+01 3.855799373040752487e-01
9.920610687022900720e+01 3.840125391849530390e-01
9.948091603053435961e+01 3.887147335423197791e-01
9.975572519083969780e+01 3.942006269592476242e-01
1.000305343511450360e+02 3.957680250783699449e-01
1.003053435114503884e+02 3.973354231974921547e-01
1.005801526717557266e+02 4.028213166144201107e-01
1.008549618320610790e+02 4.153605015673981216e-01
1.011297709923664172e+02 4.169278996865204423e-01
1.014045801526717554e+02 4.169278996865204423e-01
1.016793893129771078e+02 4.208463949843260776e-01
1.019541984732824460e+02 4.286833855799373483e-01
1.022290076335877984e+02 4.349529780564264092e-01
1.025038167938931366e+02 4.467084639498433152e-01
1.027786259541984748e+02 4.584639498432602212e-01
1.030534351145038272e+02 4.764890282131661881e-01
1.033282442748091654e+02 4.835423197492163538e-01
1.036030534351145036e+02 4.913793103448276245e-01
1.038778625954198560e+02 5.015673981191222097e-01
1.041526717557251942e+02 5.125391849529781219e-01
1.044274809160305324e+02 5.141065830721003316e-01
1.047022900763358848e+02 5.148902821316614364e-01
1.049770992366412230e+02 5.156739811912225413e-01
1.052519083969465754e+02 5.227272727272727071e-01
1.055267175572519136e+02 5.336990595611286192e-01
1.058015267175572518e+02 5.446708463949843093e-01
1.060763358778626042e+02 5.517241379310344751e-01
1.063511450381679424e+02 5.603448275862068506e-01
1.066259541984732948e+02 5.744514106583071822e-01
1.069007633587786330e+02 5.885579937304075138e-01
1.071755725190839712e+02 5.979623824451411052e-01
1.074503816793893236e+02 6.003134796238245308e-01
1.077251908396946618e+02 5.956112852664576796e-01
1.080000000000000000e+02 5.885579937304075138e-01
1.082748091603053524e+02 5.846394984326018784e-01
1.085496183206106906e+02 5.775862068965518237e-01
1.088244274809160288e+02 5.697492163009404420e-01
1.090992366412213812e+02 5.728840125391849725e-01
1.093740458015267194e+02 5.783699059561129285e-01
1.096488549618320718e+02 5.838557993730407736e-01
1.099236641221374100e+02 5.885579937304075138e-01
1.101984732824427482e+02 5.956112852664576796e-01
1.104732824427481006e+02 5.995297805642633149e-01
1.107480916030534388e+02 5.940438871473354698e-01
1.110229007633587912e+02 5.924764890282132601e-01
1.112977099236641294e+02 5.909090909090909394e-01
1.115725190839694676e+02 5.885579937304075138e-01
1.118473282442748200e+02 5.838557993730407736e-01
1.121221374045801582e+02 5.846394984326018784e-01
1.123969465648854964e+02 5.846394984326018784e-01
1.126717557251908488e+02 5.862068965517241992e-01
1.129465648854961870e+02 5.815047021943573480e-01
1.132213740458015252e+02 5.760188087774295029e-01
1.134961832061068776e+02 5.705329153605016579e-01
1.137709923664122158e+02 5.634796238244514921e-01
1.140458015267175682e+02 5.532915360501566848e-01
1.143206106870229064e+02 5.344827586206897241e-01
1.145954198473282446e+02 5.250783699059561327e-01
1.148702290076335970e+02 5.164576802507836462e-01
1.151450381679389352e+02 5.101880877742946963e-01
1.154198473282442876e+02 5.039184952978056353e-01
1.156946564885496258e+02 4.866771159874608843e-01
1.159694656488549640e+02 4.804075235109718234e-01
1.162442748091603164e+02 4.788401253918495026e-01
1.165190839694656546e+02 4.757053291536050832e-01
1.167938931297709928e+02 4.663009404388714918e-01
1.170687022900763452e+02 4.584639498432602212e-01
1.173435114503816834e+02 4.561128526645767955e-01
1.176183206106870216e+02 4.521943573667711602e-01
1.178931297709923740e+02 4.443573667711598896e-01
1.181679389312977122e+02 4.318181818181818787e-01
1.184427480916030646e+02 4.263322884012539227e-01
1.187175572519084028e+02 4.224137931034482873e-01
1.189923664122137410e+02 4.200626959247648617e-01
1.192671755725190934e+02 4.057239057239057090e-01
1.195419847328244316e+02 4.004702194357366851e-01
1.198167938931297840e+02 3.981191222570532595e-01
1.200916030534351222e+02 3.957680250783699449e-01
1.203664122137404604e+02 3.957680250783699449e-01
1.206412213740458128e+02 3.965517241379310498e-01
1.209160305343511510e+02 4.004702194357366851e-01
1.211908396946564892e+02 4.004702194357366851e-01
1.214656488549618416e+02 3.965517241379310498e-01
1.217404580152671798e+02 3.918495297805643096e-01
1.220152671755725180e+02 3.879310344827586743e-01
1.222900763358778704e+02 3.871473354231975694e-01
1.225648854961832086e+02 3.894984326018808840e-01
1.228396946564885610e+02 3.973354231974921547e-01
1.231145038167938992e+02 4.106583072100313814e-01
1.233893129770992374e+02 4.239811912225706081e-01
1.236641221374045898e+02 4.357366771159875141e-01
1.239389312977099280e+02 4.451410658307209944e-01
1.242137404580152804e+02 4.608150470219436468e-01
1.244885496183206186e+02 4.788401253918495026e-01
1.247633587786259568e+02 4.952978056426332598e-01
1.250381679389313092e+02 5.015673981191222097e-01
1.253129770992366474e+02 5.070532915360501658e-01
1.255877862595419856e+02 5.141065830721003316e-01
1.258625954198473380e+02 5.109717868338558011e-01
1.261374045801526762e+02 5.039184952978056353e-01
1.264122137404580144e+02 4.960815047021943647e-01
1.266870229007633668e+02 4.929467084639498342e-01
1.269618320610687050e+02 4.874608150470219892e-01
1.272366412213740574e+02 4.890282131661441989e-01
1.275114503816793956e+02 4.968652037617554695e-01
1.277862595419847338e+02 4.984326018808777903e-01
1.280610687022900720e+02 5.047021943573668512e-01
1.283358778625954244e+02 5.109717868338558011e-01
1.286106870229007768e+02 5.336990595611286192e-01
1.288854961832061008e+02 5.368338557993730387e-01
1.291603053435114532e+02 5.431034482758620996e-01
1.294351145038168056e+02 5.579937304075235360e-01
1.297099236641221296e+02 5.619122257053291714e-01
1.299847328244274820e+02 5.666144200626959115e-01
1.302595419847328344e+02 5.681818181818181213e-01
1.305343511450381868e+02 5.744514106583071822e-01
1.308091603053435108e+02 5.736677115987460773e-01
1.310839694656488632e+02 5.666144200626959115e-01
1.313587786259542156e+02 5.642633228840125970e-01
1.316335877862595396e+02 5.634796238244514921e-01
1.319083969465648920e+02 5.713166144200627627e-01
1.321832061068702444e+02 5.768025078369906078e-01
1.324580152671755684e+02 5.862068965517241992e-01
1.327328244274809208e+02 5.995297805642633149e-01
1.330076335877862732e+02 6.097178683385580111e-01
1.332824427480915972e+02 6.183385579937303866e-01
1.335572519083969496e+02 6.175548589341692818e-01
1.338320610687023020e+02 6.144200626959248623e-01
1.341068702290076544e+02 6.057993730407523758e-01
1.343816793893129784e+02 5.815047021943573480e-01
1.346564885496183308e+02 5.689655172413793371e-01
1.349312977099236832e+02 5.634796238244514921e-01
1.352061068702290072e+02 5.564263322884013263e-01
1.354809160305343596e+02 5.415360501567398899e-01
1.357557251908397120e+02 5.274294670846395583e-01
1.360305343511450360e+02 5.242946708463950278e-01
1.363053435114503884e+02 5.195924764890282876e-01
1.365801526717557408e+02 5.094043887147334804e-01
1.368549618320610648e+02 5.054858934169279561e-01
1.371297709923664172e+02 5.007836990595611049e-01
1.374045801526717696e+02 4.921630094043887294e-01
1.376793893129770936e+02 4.890282131661441989e-01
1.379541984732824460e+02 4.741379310344827624e-01
1.382290076335877984e+02 4.710031347962382320e-01
1.385038167938931224e+02 4.678683385579937015e-01
1.387786259541984748e+02 4.678683385579937015e-01
1.390534351145038272e+02 4.710031347962382320e-01
1.393282442748091796e+02 4.733542319749216576e-01
1.396030534351145036e+02 4.733542319749216576e-01
1.398778625954198560e+02 4.725705329153605527e-01
1.401526717557252084e+02 4.647335423197492821e-01
1.404274809160305324e+02 4.537617554858934810e-01
1.407022900763358848e+02 4.404388714733542542e-01
1.409770992366412372e+02 4.380877742946708286e-01
1.412519083969465612e+02 4.357366771159875141e-01
1.415267175572519136e+02 4.271159874608150275e-01
1.418015267175572660e+02 4.216300940438871825e-01
1.420763358778625900e+02 4.200626959247648617e-01
1.423511450381679424e+02 4.184952978056426520e-01
1.426259541984732948e+02 4.184952978056426520e-01
1.429007633587786472e+02 4.208463949843260776e-01
1.431755725190839712e+02 4.255485893416928178e-01
1.434503816793893236e+02 4.294670846394984531e-01
1.437251908396946760e+02 4.318181818181818787e-01
1.440000000000000000e+02 4.357366771159875141e-01
1.442748091603053524e+02 4.278996865203762434e-01
1.445496183206107048e+02 4.231974921630093922e-01
1.448244274809160288e+02 4.192789968652037569e-01
1.450992366412213812e+02 4.145768025078370167e-01
1.453740458015267336e+02 4.083072100313479558e-01
1.456488549618320576e+02 4.090909090909090606e-01
1.459236641221374100e+02 4.177115987460815472e-01
1.461984732824427624e+02 4.208463949843260776e-01
1.464732824427480864e+02 4.239811912225706081e-01
1.467480916030534388e+02 4.349529780564264092e-01
1.470229007633587912e+02 4.490595611285266298e-01
1.472977099236641152e+02 4.584639498432602212e-01
1.475725190839694676e+02 4.663009404388714918e-01
1.478473282442748200e+02 4.819749216300940331e-01
1.481221374045801724e+02 4.952978056426332598e-01
1.483969465648854964e+02 5.047021943573668512e-01
1.486717557251908488e+02 5.148902821316614364e-01
1.489465648854962012e+02 5.289968652037617680e-01
1.492213740458015252e+02 5.407523510971786740e-01
1.494961832061068776e+02 5.517241379310344751e-01
1.497709923664122300e+02 5.634796238244514921e-01
1.500458015267175540e+02 5.689655172413793371e-01
1.503206106870229064e+02 5.705329153605016579e-01
1.505954198473282588e+02 5.689655172413793371e-01
1.508702290076335828e+02 5.666144200626959115e-01
1.511450381679389352e+02 5.595611285266457458e-01
1.514198473282442876e+02 5.572100313479624312e-01
1.516946564885496400e+02 5.556426332288402214e-01
1.519694656488549640e+02 5.556426332288402214e-01
1.522442748091603164e+02 5.579937304075235360e-01
1.525190839694656688e+02 5.642633228840125970e-01
1.527938931297709928e+02 5.713166144200627627e-01
1.530687022900763452e+02 5.728840125391849725e-01
1.533435114503816976e+02 5.689655172413793371e-01
1.536183206106870216e+02 5.673981191222570164e-01
1.538931297709923740e+02 5.658307210031348067e-01
1.541679389312977264e+02 5.603448275862068506e-01
1.544427480916030504e+02 5.611285266457680665e-01
1.547175572519084028e+02 5.626959247648902762e-01
1.549923664122137552e+02 5.697492163009404420e-01
1.552671755725190792e+02 5.705329153605016579e-01
1.555419847328244316e+02 5.705329153605016579e-01
1.558167938931297840e+02 5.713166144200627627e-01
1.560916030534351080e+02 5.768025078369906078e-01
1.563664122137404604e+02 5.768025078369906078e-01
1.566412213740458128e+02 5.760188087774295029e-01
1.569160305343511652e+02 5.713166144200627627e-01
1.571908396946564892e+02 5.525078369905955800e-01
1.574656488549618416e+02 5.384012539184952484e-01
1.577404580152671940e+02 5.336990595611286192e-01
1.580152671755725180e+02 5.289968652037617680e-01
1.582900763358778704e+02 5.250783699059561327e-01
1.585648854961832228e+02 5.070532915360501658e-01
1.588396946564885468e+02 5.007836990595611049e-01
1.591145038167938992e+02 5.015673981191222097e-01
1.593893129770992516e+02 5.031347962382445305e-01
1.596641221374045756e+02 5.031347962382445305e-01
1.599389312977099280e+02 5.023510971786834256e-01
1.602137404580152804e+02 5.015673981191222097e-01
1.604885496183206328e+02 4.984326018808777903e-01
1.607633587786259568e+02 4.819749216300940331e-01
1.610381679389313092e+02 4.741379310344827624e-01
1.613129770992366616e+02 4.717868338557994479e-01
1.615877862595419856e+02 4.663009404388714918e-01
1.618625954198473380e+02 4.412225705329153591e-01
1.621374045801526904e+02 4.310344827586206629e-01
1.624122137404580144e+02 4.263322884012539227e-01
1.626870229007633668e+02 4.239811912225706081e-01
1.629618320610687192e+02 4.208463949843260776e-01
1.632366412213740432e+02 4.231974921630093922e-01
1.635114503816793956e+02 4.341692789968651933e-01
1.637862595419847480e+02 4.427899686520376799e-01
1.640610687022900720e+02 4.435736677115987847e-01
1.643358778625954244e+02 4.365203761755486189e-01
1.646106870229007768e+02 4.357366771159875141e-01
1.648854961832061008e+02 4.341692789968651933e-01
1.651603053435114532e+02 4.271159874608150275e-01
1.654351145038168056e+02 4.200626959247648617e-01
1.657099236641221580e+02 4.239811912225706081e-01
1.659847328244274820e+02 4.318181818181818787e-01
1.662595419847328344e+02 4.326018808777429836e-01
1.665343511450381868e+02 4.341692789968651933e-01
1.668091603053435108e+02 4.318181818181818787e-01
1.670839694656488632e+02 4.302507836990595580e-01
1.673587786259542156e+02 4.278996865203762434e-01
1.676335877862595396e+02 4.302507836990595580e-01
1.679083969465648920e+02 4.380877742946708286e-01
1.681832061068702444e+02 4.396551724137931494e-01
1.684580152671755684e+02 4.467084639498433152e-01
1.687328244274809208e+02 4.537617554858934810e-01
1.690076335877862732e+02 4.576802507836991163e-01
1.692824427480916256e+02 4.600313479623824309e-01
1.695572519083969496e+02 4.615987460815047516e-01
1.698320610687023020e+02 4.694357366771160223e-01
1.701068702290076544e+02 4.741379310344827624e-01
1.703816793893129784e+02 4.764890282131661881e-01
1.706564885496183308e+02 4.811912225705329282e-01
1.709312977099236832e+02 4.905956112852665196e-01
1.712061068702290072e+02 5.007836990595611049e-01
1.714809160305343596e+02 5.078369905956112706e-01
1.717557251908397120e+02 5.133228840125392267e-01
1.720305343511450360e+02 5.235109717868338119e-01
1.723053435114503884e+02 5.321316614420062985e-01
1.725801526717557408e+02 5.391849529780564643e-01
1.728549618320610648e+02 5.564263322884013263e-01
1.731297709923664172e+02 5.611285266457680665e-01
1.734045801526717696e+02 5.705329153605016579e-01
1.736793893129770936e+02 5.783699059561129285e-01
1.739541984732824460e+02 5.846394984326018784e-01
1.742290076335877984e+02 5.822884012539184528e-01
1.745038167938931508e+02 5.783699059561129285e-01
1.747786259541984748e+02 5.744514106583071822e-01
1.750534351145038272e+02 5.721003134796238676e-01
1.753282442748091796e+02 5.689655172413793371e-01
1.756030534351145036e+02 5.666144200626959115e-01
1.758778625954198560e+02 5.666144200626959115e-01
1.761526717557252084e+02 5.736677115987460773e-01
1.764274809160305324e+02 5.791536050156740334e-01
1.767022900763358848e+02 5.799373040752351383e-01
1.769770992366412372e+02 5.838557993730407736e-01
1.772519083969465612e+02 5.877742946708464089e-01
1.775267175572519136e+02 5.924764890282132601e-01
1.778015267175572660e+02 5.963949843260187844e-01
1.780763358778626184e+02 6.003134796238245308e-01
1.783511450381679424e+02 6.026645768025078453e-01
1.786259541984732948e+02 5.963949843260187844e-01
1.789007633587786472e+02 5.885579937304075138e-01
1.791755725190839712e+02 5.768025078369906078e-01
1.794503816793893236e+02 5.626959247648902762e-01
1.797251908396946760e+02 5.360501567398119338e-01
1.800000000000000000e+02 5.266457680250784534e-01
1.802748091603053524e+02 5.180250783699059669e-01
1.805496183206107048e+02 5.054858934169279561e-01
1.808244274809160288e+02 4.960815047021943647e-01
1.810992366412213812e+02 4.937304075235109391e-01
1.813740458015267336e+02 4.976489028213166854e-01
1.816488549618320576e+02 4.992163009404388951e-01
1.819236641221374100e+02 5.039184952978056353e-01
1.821984732824427624e+02 5.094043887147334804e-01
1.824732824427480864e+02 5.031347962382445305e-01
1.827480916030534388e+02 4.992163009404388951e-01
1.830229007633587912e+02 4.976489028213166854e-01
1.832977099236641436e+02 4.905956112852665196e-01
1.835725190839694676e+02 4.757053291536050832e-01
1.838473282442748200e+02 4.615987460815047516e-01
1.841221374045801724e+02 4.592476489028213260e-01
1.843969465648854964e+02 4.568965517241379004e-01
1.846717557251908488e+02 4.396551724137931494e-01
1.849465648854962012e+02 4.278996865203762434e-01
1.852213740458015252e+02 4.255485893416928178e-01
1.854961832061068776e+02 4.161442006269592264e-01
1.857709923664122300e+02 4.067398119122257460e-01
1.860458015267175540e+02 4.012539184952977900e-01
1.863206106870229064e+02 3.981191222570532595e-01
1.865954198473282588e+02 3.887147335423197791e-01
1.868702290076336112e+02 3.816614420062696134e-01
1.871450381679389352e+02 3.910658307210032048e-01
1.874198473282442876e+02 3.918495297805643096e-01
1.876946564885496400e+02 3.926332288401254145e-01
1.879694656488549640e+02 3.942006269592476242e-01
1.882442748091603164e+02 4.028213166144201107e-01
1.885190839694656688e+02 4.083072100313479558e-01
1.887938931297709928e+02 4.043887147335423204e-01
1.890687022900763452e+02 4.028213166144201107e-01
1.893435114503816976e+02 4.028213166144201107e-01
1.896183206106870216e+02 4.090909090909090606e-01
1.898931297709923740e+02 4.169278996865204423e-01
1.901679389312977264e+02 4.200626959247648617e-01
1.904427480916030504e+02 4.318181818181818787e-01
1.907175572519084028e+02 4.412225705329153591e-01
1.909923664122137552e+02 4.529780564263322651e-01
1.912671755725190792e+02 4.576802507836991163e-01
1.915419847328244316e+02 4.592476489028213260e-01
1.918167938931297840e+02 4.694357366771160223e-01
1.920916030534351364e+02 4.702194357366771271e-01
1.923664122137404604e+02 4.702194357366771271e-01
1.926412213740458128e+02 4.710031347962382320e-01
1.929160305343511652e+02 4.780564263322883978e-01
1.931908396946564892e+02 4.851097178683385636e-01
1.934656488549618416e+02 4.866771159874608843e-01
1.937404580152671940e+02 4.921630094043887294e-01
1.940152671755725180e+02 5.078369905956112706e-01
1.942900763358778704e+02 5.242946708463950278e-01
1.945648854961832228e+02 5.313479623824450826e-01
1.948396946564885468e+02 5.344827586206897241e-01
1.951145038167938992e+02 5.423197492163009947e-01
1.953893129770992516e+02 5.564263322884013263e-01
1.956641221374046040e+02 5.681818181818181213e-01
1.959389312977099280e+02 5.689655172413793371e-01
1.962137404580152804e+02 5.728840125391849725e-01
1.964885496183206328e+02 5.783699059561129285e-01
1.967633587786259568e+02 5.791536050156740334e-01
1.970381679389313092e+02 5.799373040752351383e-01
1.973129770992366616e+02 5.807210031347962431e-01
1.975877862595419856e+02 5.838557993730407736e-01
1.978625954198473380e+02 5.846394984326018784e-01
1.981374045801526904e+02 5.877742946708464089e-01
1.984122137404580144e+02 5.987460815047022100e-01
1.986870229007633668e+02 6.128526645768025416e-01
1.989618320610687192e+02 6.159874608150470721e-01
1.992366412213740432e+02 6.183385579937303866e-01
1.995114503816793956e+02 6.238244514106583427e-01
1.997862595419847480e+02 6.293103448275862988e-01
2.000610687022900720e+02 6.238244514106583427e-01
2.003358778625954244e+02 6.152037617554859672e-01
2.006106870229007768e+02 6.112852664576802209e-01
2.008854961832061292e+02 6.018808777429467405e-01
2.011603053435114532e+02 5.901253918495297235e-01
2.014351145038168056e+02 5.807210031347962431e-01
2.017099236641221580e+02 5.744514106583071822e-01
2.019847328244274820e+02 5.681818181818181213e-01
2.022595419847328344e+02 5.556426332288402214e-01
2.025343511450381868e+02 5.470219435736677349e-01
2.028091603053435108e+02 5.462382445141065190e-01
2.030839694656488632e+02 5.368338557993730387e-01
2.033587786259542156e+02 5.329153605015674033e-01
2.036335877862595396e+02 5.282131661442006632e-01
2.039083969465648920e+02 5.274294670846395583e-01
2.041832061068702444e+02 5.250783699059561327e-01
2.044580152671755968e+02 5.227272727272727071e-01
2.047328244274809208e+02 5.211598746081504974e-01
2.050076335877862732e+02 5.164576802507836462e-01
2.052824427480916256e+02 5.070532915360501658e-01
2.055572519083969496e+02 4.882445141065830940e-01
2.058320610687023020e+02 4.733542319749216576e-01
2.061068702290076544e+02 4.710031347962382320e-01
2.063816793893129784e+02 4.655172413793103869e-01
2.066564885496183308e+02 4.561128526645767955e-01
2.069312977099236832e+02 4.443573667711598896e-01
2.072061068702290072e+02 4.388714733542320445e-01
2.074809160305343596e+02 4.341692789968651933e-01
2.077557251908397120e+02 4.286833855799373483e-01
2.080305343511450360e+02 4.239811912225706081e-01
2.083053435114503884e+02 4.177115987460815472e-01
2.085801526717557408e+02 4.177115987460815472e-01
2.088549618320610648e+02 4.177115987460815472e-01
2.091297709923664172e+02 4.184952978056426520e-01
2.094045801526717696e+02 4.122257053291535911e-01
2.096793893129771220e+02 4.075235109717868509e-01
2.099541984732824460e+02 4.004702194357366851e-01
2.102290076335877984e+02 3.973354231974921547e-01
2.105038167938931508e+02 3.934169278996865193e-01
2.107786259541984748e+02 3.863636363636363535e-01
2.110534351145038272e+02 3.847962382445141438e-01
2.113282442748091796e+02 3.902821316614419889e-01
2.116030534351145036e+02 3.926332288401254145e-01
2.118778625954198560e+02 3.942006269592476242e-01
2.121526717557252084e+02 4.043887147335423204e-01
2.124274809160305324e+02 4.145768025078370167e-01
2.127022900763358848e+02 4.169278996865204423e-01
2.129770992366412372e+02 4.177115987460815472e-01
2.132519083969465896e+02 4.278996865203762434e-01
2.135267175572519136e+02 4.427899686520376799e-01
2.138015267175572660e+02 4.498432601880878456e-01
2.140763358778626184e+02 4.537617554858934810e-01
2.143511450381679424e+02 4.561128526645767955e-01
2.146259541984732948e+02 4.647335423197492821e-01
2.149007633587786472e+02 4.710031347962382320e-01
2.151755725190839712e+02 4.764890282131661881e-01
2.154503816793893236e+02 4.757053291536050832e-01
2.157251908396946760e+02 4.749216300940438673e-01
2.160000000000000000e+02 4.780564263322883978e-01
2.162748091603053524e+02 4.788401253918495026e-01
2.165496183206107048e+02 4.796238244514107185e-01
2.168244274809160288e+02 4.874608150470219892e-01
2.170992366412213812e+02 5.015673981191222097e-01
2.173740458015267336e+02 5.039184952978056353e-01
2.176488549618320576e+02 5.062695924764890609e-01
2.179236641221374100e+02 5.164576802507836462e-01
2.181984732824427624e+02 5.336990595611286192e-01
2.184732824427481148e+02 5.423197492163009947e-01
2.187480916030534388e+02 5.454545454545454142e-01
2.190229007633587912e+02 5.626959247648902762e-01
2.192977099236641436e+02 5.728840125391849725e-01
2.195725190839694676e+02 5.846394984326018784e-01
2.198473282442748200e+02 5.901253918495297235e-01
2.201221374045801724e+02 5.893416927899686186e-01
2.203969465648854964e+02 5.869905956112853040e-01
2.206717557251908488e+02 5.830721003134795577e-01
2.209465648854962012e+02 5.854231974921630943e-01
2.212213740458015252e+02 5.948275862068965747e-01
2.214961832061068776e+02 6.003134796238245308e-01
2.217709923664122300e+02 6.018808777429467405e-01
2.220458015267175824e+02 6.042319749216300551e-01
2.223206106870229064e+02 6.105015673981191160e-01
2.225954198473282588e+02 6.128526645768025416e-01
2.228702290076336112e+02 6.018808777429467405e-01
2.231450381679389352e+02 5.893416927899686186e-01
2.234198473282442876e+02 5.862068965517241992e-01
2.236946564885496400e+02 5.846394984326018784e-01
2.239694656488549640e+02 5.822884012539184528e-01
2.242442748091603164e+02 5.666144200626959115e-01
2.245190839694656688e+02 5.572100313479624312e-01
2.247938931297709928e+02 5.564263322884013263e-01
2.250687022900763452e+02 5.556426332288402214e-01
2.253435114503816976e+02 5.540752351097179007e-01
2.256183206106870216e+02 5.525078369905955800e-01
2.258931297709923740e+02 5.462382445141065190e-01
2.261679389312977264e+02 5.384012539184952484e-01
2.264427480916030504e+02 5.336990595611286192e-01
2.267175572519084028e+02 5.313479623824450826e-01
2.269923664122137552e+02 5.258620689655172376e-01
2.272671755725191076e+02 5.219435736677116022e-01
2.275419847328244316e+02 5.164576802507836462e-01
2.278167938931297840e+02 5.133228840125392267e-01
2.280916030534351364e+02 5.086206896551723755e-01
2.283664122137404604e+02 5.000000000000000000e-01
2.286412213740458128e+02 4.866771159874608843e-01
2.289160305343511652e+02 4.701307150884248554e-01
2.291908396946564892e+02 4.615987460815047516e-01
2.294656488549618416e+02 4.561128526645767955e-01
2.297404580152671940e+02 4.474921630094044200e-01
2.300152671755725180e+02 4.349529780564264092e-01
2.302900763358778704e+02 4.278996865203762434e-01
2.305648854961832228e+02 4.271159874608150275e-01
2.308396946564885752e+02 4.271159874608150275e-01
2.311145038167938992e+02 4.278996865203762434e-01
2.313893129770992516e+02 4.294670846394984531e-01
2.316641221374046040e+02 4.302507836990595580e-01
2.319389312977099280e+02 4.310344827586206629e-01
2.322137404580152804e+02 4.326018808777429836e-01
2.324885496183206328e+02 4.286833855799373483e-01
2.327633587786259568e+02 4.216300940438871825e-01
2.330381679389313092e+02 4.145768025078370167e-01
2.333129770992366616e+02 4.106583072100313814e-01
2.335877862595419856e+02 4.067398119122257460e-01
2.338625954198473380e+02 4.020376175548590059e-01
2.341374045801526904e+02 4.028213166144201107e-01
2.344122137404580144e+02 4.036050156739812156e-01
2.346870229007633668e+02 4.043887147335423204e-01
2.349618320610687192e+02 4.028213166144201107e-01
2.352366412213740432e+02 4.020376175548590059e-01
2.355114503816793956e+02 4.043887147335423204e-01
2.357862595419847480e+02 4.067398119122257460e-01
2.360610687022901004e+02 4.114420062695924862e-01
2.363358778625954244e+02 4.192789968652037569e-01
2.366106870229007768e+02 4.326018808777429836e-01
2.368854961832061292e+02 4.373040752351097238e-01
2.371603053435114532e+02 4.404388714733542542e-01
2.374351145038168056e+02 4.443573667711598896e-01
2.377099236641221580e+02 4.514106583072100554e-01
2.379847328244274820e+02 4.608150470219436468e-01
2.382595419847328344e+02 4.686520376175549174e-01
2.385343511450381868e+02 4.788401253918495026e-01
2.388091603053435108e+02 4.882445141065830940e-01
2.390839694656488632e+02 4.992163009404388951e-01
2.393587786259542156e+02 5.078369905956112706e-01
2.396335877862595680e+02 5.172413793103448620e-01
2.399083969465648920e+02 5.289968652037617680e-01
2.401832061068702444e+02 5.423197492163009947e-01
2.404580152671755968e+02 5.501567398119122654e-01
2.407328244274809208e+02 5.556426332288402214e-01
2.410076335877862732e+02 5.626959247648902762e-01
2.412824427480916256e+02 5.705329153605016579e-01
2.415572519083969496e+02 5.783699059561129285e-01
2.418320610687023020e+02 5.822884012539184528e-01
2.421068702290076544e+02 5.869905956112853040e-01
2.423816793893129784e+02 5.893416927899686186e-01
2.426564885496183308e+02 5.838557993730407736e-01
2.429312977099236832e+02 5.807210031347962431e-01
2.432061068702290072e+02 5.783699059561129285e-01
2.434809160305343596e+02 5.768025078369906078e-01
2.437557251908397120e+02 5.728840125391849725e-01
2.440305343511450360e+02 5.713166144200627627e-01
2.443053435114503884e+02 5.799373040752351383e-01
2.445801526717557408e+02 5.822884012539184528e-01
2.448549618320610932e+02 5.846394984326018784e-01
2.451297709923664172e+02 5.869905956112853040e-01
2.454045801526717696e+02 5.932601880877743650e-01
2.456793893129771220e+02 5.971786833855798893e-01
2.459541984732824460e+02 5.971786833855798893e-01
2.462290076335877984e+02 5.987460815047022100e-01
2.465038167938931508e+02 6.010971786833856356e-01
2.467786259541984748e+02 6.026645768025078453e-01
2.470534351145038272e+02 6.010971786833856356e-01
2.473282442748091796e+02 5.932601880877743650e-01
2.476030534351145036e+02 5.846394984326018784e-01
2.478778625954198560e+02 5.760188087774295029e-01
2.481526717557252084e+02 5.666144200626959115e-01
2.484274809160305608e+02 5.572100313479624312e-01
2.487022900763358848e+02 5.431034482758620996e-01
2.489770992366412372e+02 5.274294670846395583e-01
2.492519083969465896e+02 5.164576802507836462e-01
2.495267175572519136e+02 5.078369905956112706e-01
2.498015267175572660e+02 5.015673981191222097e-01
2.500763358778626184e+02 4.952978056426332598e-01
2.503511450381679424e+02 4.874608150470219892e-01
2.506259541984732948e+02 4.851097178683385636e-01
2.509007633587786472e+02 4.866771159874608843e-01
2.511755725190839712e+02 4.858934169278996684e-01
2.514503816793893236e+02 4.772727272727272929e-01
2.517251908396946760e+02 4.694357366771160223e-01
2.520000000000000000e+02 4.631661442006269613e-01
2.522748091603053524e+02 4.561128526645767955e-01
2.525496183206107048e+02 4.506269592476489505e-01
2.528244274809160288e+02 4.412225705329153591e-01
2.530992366412213812e+02 4.333855799373040885e-01
2.533740458015267336e+02 4.286833855799373483e-01
2.536488549618320860e+02 4.255485893416928178e-01
2.539236641221374100e+02 4.208463949843260776e-01
2.541984732824427624e+02 4.137931034482759118e-01
2.544732824427481148e+02 4.028213166144201107e-01
2.547480916030534388e+02 3.981191222570532595e-01
2.550229007633587912e+02 3.957680250783699449e-01
2.552977099236641436e+02 3.926332288401254145e-01
2.555725190839694676e+02 3.871473354231975694e-01
2.558473282442748200e+02 3.824451410658307182e-01
2.561221374045801440e+02 3.840125391849530390e-01
2.563969465648855248e+02 3.879310344827586743e-01
2.566717557251908488e+02 3.902821316614419889e-01
2.569465648854961728e+02 3.934169278996865193e-01
2.572213740458015536e+02 4.036050156739812156e-01
2.574961832061068776e+02 4.098746081504702765e-01
2.577709923664122016e+02 4.130094043887148070e-01
2.580458015267175824e+02 4.145768025078370167e-01
2.583206106870229064e+02 4.216300940438871825e-01
2.585954198473282304e+02 4.247648902821317130e-01
2.588702290076336112e+02 4.294670846394984531e-01
2.591450381679389352e+02 4.380877742946708286e-01
2.594198473282442592e+02 4.467084639498433152e-01
2.596946564885496400e+02 4.529780564263322651e-01
2.599694656488549640e+02 4.576802507836991163e-01
2.602442748091603448e+02 4.639498432601880662e-01
2.605190839694656688e+02 4.710031347962382320e-01
2.607938931297709928e+02 4.772727272727272929e-01
2.610687022900763736e+02 4.811912225705329282e-01
2.613435114503816976e+02 4.851097178683385636e-01
2.616183206106870216e+02 4.945141065830721550e-01
2.618931297709924024e+02 5.031347962382445305e-01
2.621679389312977264e+02 5.125391849529781219e-01
2.624427480916030504e+02 5.250783699059561327e-01
2.627175572519084312e+02 5.297805642633228729e-01
2.629923664122137552e+02 5.376175548589341435e-01
2.632671755725190792e+02 5.415360501567398899e-01
2.635419847328244600e+02 5.438871473354232045e-01
2.638167938931297840e+02 5.438871473354232045e-01
2.640916030534351080e+02 5.384012539184952484e-01
2.643664122137404888e+02 5.368338557993730387e-01
2.646412213740458128e+02 5.360501567398119338e-01
2.649160305343511368e+02 5.344827586206897241e-01
2.651908396946565176e+02 5.336990595611286192e-01
2.654656488549618416e+02 5.438871473354232045e-01
2.657404580152671656e+02 5.548589341692790056e-01
2.660152671755725464e+02 5.572100313479624312e-01
2.662900763358778704e+02 5.587774294670846409e-01
2.665648854961831944e+02 5.603448275862068506e-01
2.668396946564885752e+02 5.713166144200627627e-01
2.671145038167938992e+02 5.673981191222570164e-01
2.673893129770992232e+02 5.642633228840125970e-01
2.676641221374046040e+02 5.658307210031348067e-01
2.679389312977099280e+02 5.736677115987460773e-01
2.682137404580153088e+02 5.838557993730407736e-01
2.684885496183206328e+02 5.877742946708464089e-01
2.687633587786259568e+02 5.963949843260187844e-01
2.690381679389313376e+02 6.026645768025078453e-01
2.693129770992366616e+02 6.105015673981191160e-01
2.695877862595419856e+02 6.089341692789969063e-01
2.698625954198473664e+02 5.924764890282132601e-01
2.701374045801526904e+02 5.846394984326018784e-01
2.704122137404580144e+02 5.783699059561129285e-01
2.706870229007633952e+02 5.666144200626959115e-01
2.709618320610687192e+02 5.525078369905955800e-01
2.712366412213740432e+02 5.368338557993730387e-01
2.715114503816794240e+02 5.313479623824450826e-01
2.717862595419847480e+02 5.289968652037617680e-01
2.720610687022900720e+02 5.282131661442006632e-01
2.723358778625954528e+02 5.352664576802508289e-01
2.726106870229007768e+02 5.423197492163009947e-01
2.728854961832061008e+02 5.446708463949843093e-01
2.731603053435114816e+02 5.446708463949843093e-01
2.734351145038168056e+02 5.438871473354232045e-01
2.737099236641221296e+02 5.360501567398119338e-01
2.739847328244275104e+02 5.188087774294671828e-01
2.742595419847328344e+02 5.023510971786834256e-01
2.745343511450381584e+02 4.968652037617554695e-01
2.748091603053435392e+02 4.921630094043887294e-01
2.750839694656488632e+02 4.835423197492163538e-01
2.753587786259541872e+02 4.694357366771160223e-01
2.756335877862595680e+02 4.639498432601880662e-01
2.759083969465648920e+02 4.686520376175549174e-01
2.761832061068702160e+02 4.725705329153605527e-01
2.764580152671755968e+02 4.757053291536050832e-01
2.767328244274809208e+02 4.788401253918495026e-01
2.770076335877862448e+02 4.749216300940438673e-01
2.772824427480916256e+02 4.686520376175549174e-01
2.775572519083969496e+02 4.600313479623824309e-01
2.778320610687023304e+02 4.341692789968651933e-01
2.781068702290076544e+02 4.278996865203762434e-01
2.783816793893129784e+02 4.153605015673981216e-01
2.786564885496183592e+02 4.028213166144201107e-01
2.789312977099236832e+02 3.902821316614419889e-01
2.792061068702290072e+02 3.769592476489028732e-01
2.794809160305343880e+02 3.746081504702194476e-01
2.797557251908397120e+02 3.699059561128527074e-01
2.800305343511450360e+02 3.730407523510972378e-01
2.803053435114504168e+02 3.816614420062696134e-01
2.805801526717557408e+02 3.894984326018808840e-01
2.808549618320610648e+02 3.918495297805643096e-01
2.811297709923664456e+02 4.012539184952977900e-01
2.814045801526717696e+02 4.059561128526646412e-01
2.816793893129770936e+02 4.114420062695924862e-01
2.819541984732824744e+02 4.145768025078370167e-01
2.822290076335877984e+02 4.192789968652037569e-01
2.825038167938931224e+02 4.239811912225706081e-01
2.827786259541985032e+02 4.286833855799373483e-01
2.830534351145038272e+02 4.396551724137931494e-01
2.833282442748091512e+02 4.482758620689655249e-01
2.836030534351145320e+02 4.576802507836991163e-01
2.838778625954198560e+02 4.670846394984325967e-01
2.841526717557251800e+02 4.757053291536050832e-01
2.844274809160305608e+02 4.804075235109718234e-01
2.847022900763358848e+02 4.952978056426332598e-01
2.849770992366412088e+02 5.070532915360501658e-01
2.852519083969465896e+02 5.133228840125392267e-01
2.855267175572519136e+02 5.188087774294671828e-01
2.858015267175572944e+02 5.227272727272727071e-01
2.860763358778626184e+02 5.344827586206897241e-01
2.863511450381679424e+02 5.368338557993730387e-01
2.866259541984733232e+02 5.407523510971786740e-01
2.869007633587786472e+02 5.501567398119122654e-01
2.871755725190839712e+02 5.564263322884013263e-01
2.874503816793893520e+02 5.666144200626959115e-01
2.877251908396946760e+02 5.713166144200627627e-01
2.880000000000000000e+02 5.752351097178682870e-01
2.882748091603053808e+02 5.822884012539184528e-01
2.885496183206107048e+02 5.815047021943573480e-01
2.888244274809160288e+02 5.799373040752351383e-01
2.890992366412214096e+02 5.799373040752351383e-01
2.893740458015267336e+02 5.799373040752351383e-01
2.896488549618320576e+02 5.807210031347962431e-01
2.899236641221374384e+02 5.854231974921630943e-01
2.901984732824427624e+02 5.932601880877743650e-01
2.904732824427480864e+02 5.940438871473354698e-01
2.907480916030534672e+02 5.948275862068965747e-01
2.910229007633587912e+02 5.956112852664576796e-01
2.912977099236641152e+02 5.948275862068965747e-01
2.915725190839694960e+02 5.932601880877743650e-01
2.918473282442748200e+02 5.862068965517241992e-01
2.921221374045801440e+02 5.862068965517241992e-01
2.923969465648855248e+02 5.869905956112853040e-01
2.926717557251908488e+02 5.877742946708464089e-01
2.929465648854961728e+02 5.877742946708464089e-01
2.932213740458015536e+02 5.838557993730407736e-01
2.934961832061068776e+02 5.752351097178682870e-01
2.937709923664122016e+02 5.721003134796238676e-01
2.940458015267175824e+02 5.673981191222570164e-01
2.943206106870229064e+02 5.642633228840125970e-01
2.945954198473282304e+02 5.501567398119122654e-01
2.948702290076336112e+02 5.376175548589341435e-01
2.951450381679389352e+02 5.352664576802508289e-01
2.954198473282443160e+02 5.305642633228839777e-01
2.956946564885496400e+02 5.219435736677116022e-01
2.959694656488549640e+02 5.109717868338558011e-01
2.962442748091603448e+02 5.023510971786834256e-01
2.965190839694656688e+02 4.952978056426332598e-01
2.967938931297709928e+02 4.898119122257053037e-01
2.970687022900763736e+02 4.819749216300940331e-01
2.973435114503816976e+02 4.725705329153605527e-01
2.976183206106870216e+02 4.670846394984325967e-01
2.978931297709924024e+02 4.678683385579937015e-01
2.981679389312977264e+02 4.686520376175549174e-01
2.984427480916030504e+02 4.686520376175549174e-01
2.987175572519084312e+02 4.615987460815047516e-01
2.989923664122137552e+02 4.592476489028213260e-01
2.992671755725190792e+02 4.521943573667711602e-01
2.995419847328244600e+02 4.412225705329153591e-01
2.998167938931297840e+02 4.373040752351097238e-01
3.000916030534351080e+02 4.318181818181818787e-01
3.003664122137404888e+02 4.310344827586206629e-01
3.006412213740458128e+02 4.216300940438871825e-01
3.009160305343511368e+02 4.184952978056426520e-01
3.011908396946565176e+02 4.177115987460815472e-01
3.014656488549618416e+02 4.184952978056426520e-01
3.017404580152671656e+02 4.184952978056426520e-01
3.020152671755725464e+02 4.184952978056426520e-01
3.022900763358778704e+02 4.169278996865204423e-01
3.025648854961831944e+02 4.177115987460815472e-01
3.028396946564885752e+02 4.192789968652037569e-01
3.031145038167938992e+02 4.200626959247648617e-01
3.033893129770992800e+02 4.208463949843260776e-01
3.036641221374046040e+02 4.208463949843260776e-01
3.039389312977099280e+02 4.216300940438871825e-01
3.042137404580153088e+02 4.216300940438871825e-01
3.044885496183206328e+02 4.224137931034482873e-01
3.047633587786259568e+02 4.271159874608150275e-01
3.050381679389313376e+02 4.349529780564264092e-01
3.053129770992366616e+02 4.365203761755486189e-01
3.055877862595419856e+02 4.373040752351097238e-01
3.058625954198473664e+02 4.435736677115987847e-01
3.061374045801526904e+02 4.514106583072100554e-01
3.064122137404580144e+02 4.545454545454545858e-01
3.066870229007633952e+02 4.615987460815047516e-01
3.069618320610687192e+02 4.741379310344827624e-01
3.072366412213740432e+02 4.804075235109718234e-01
3.075114503816794240e+02 4.851097178683385636e-01
3.077862595419847480e+02 4.921630094043887294e-01
3.080610687022900720e+02 5.023510971786834256e-01
3.083358778625954528e+02 5.148902821316614364e-01
3.086106870229007768e+02 5.180250783699059669e-01
3.088854961832061008e+02 5.242946708463950278e-01
3.091603053435114816e+02 5.282131661442006632e-01
3.094351145038168056e+02 5.289968652037617680e-01
3.097099236641221296e+02 5.282131661442006632e-01
3.099847328244275104e+02 5.274294670846395583e-01
3.102595419847328344e+02 5.242946708463950278e-01
3.105343511450381584e+02 5.242946708463950278e-01
3.108091603053435392e+02 5.352664576802508289e-01
3.110839694656488632e+02 5.462382445141065190e-01
3.113587786259541872e+02 5.532915360501566848e-01
3.116335877862595680e+02 5.548589341692790056e-01
3.119083969465648920e+02 5.650470219435737018e-01
3.121832061068702160e+02 5.815047021943573480e-01
3.124580152671755968e+02 5.924764890282132601e-01
3.127328244274809208e+02 5.956112852664576796e-01
3.130076335877863016e+02 5.822884012539184528e-01
3.132824427480916256e+02 5.815047021943573480e-01
3.135572519083969496e+02 5.791536050156740334e-01
3.138320610687023304e+02 5.752351097178682870e-01
3.141068702290076544e+02 5.713166144200627627e-01
3.143816793893129784e+02 5.697492163009404420e-01
3.146564885496183592e+02 5.744514106583071822e-01
3.149312977099236832e+02 5.768025078369906078e-01
3.152061068702290072e+02 5.807210031347962431e-01
3.154809160305343880e+02 5.775862068965518237e-01
3.157557251908397120e+02 5.642633228840125970e-01
3.160305343511450360e+02 5.603448275862068506e-01
3.163053435114504168e+02 5.579937304075235360e-01
3.165801526717557408e+02 5.532915360501566848e-01
3.168549618320610648e+02 5.415360501567398899e-01
3.171297709923664456e+02 5.266457680250784534e-01
3.174045801526717696e+02 5.235109717868338119e-01
3.176793893129770936e+02 5.227272727272727071e-01
3.179541984732824744e+02 5.227272727272727071e-01
3.182290076335877984e+02 5.219435736677116022e-01
3.185038167938931224e+02 5.203761755485893925e-01
3.187786259541985032e+02 5.188087774294671828e-01
3.190534351145038272e+02 5.188087774294671828e-01
3.193282442748091512e+02 5.188087774294671828e-01
3.196030534351145320e+02 5.195924764890282876e-01
3.198778625954198560e+02 5.188087774294671828e-01
3.201526717557251800e+02 5.180250783699059669e-01
3.204274809160305608e+02 5.086206896551723755e-01
3.207022900763358848e+02 4.905956112852665196e-01
3.209770992366412656e+02 4.882445141065830940e-01
3.212519083969465896e+02 4.858934169278996684e-01
3.215267175572519136e+02 4.819749216300940331e-01
3.218015267175572944e+02 4.710031347962382320e-01
3.220763358778626184e+02 4.537617554858934810e-01
3.223511450381679424e+02 4.467084639498433152e-01
3.226259541984733232e+02 4.443573667711598896e-01
3.229007633587786472e+02 4.396551724137931494e-01
3.231755725190839712e+02 4.310344827586206629e-01
3.234503816793893520e+02 4.184952978056426520e-01
3.237251908396946760e+02 4.114420062695924862e-01
3.240000000000000000e+02 4.098746081504702765e-01
3.242748091603053808e+02 4.083072100313479558e-01
3.245496183206107048e+02 4.075235109717868509e-01
3.248244274809160288e+02 4.051724137931034253e-01
3.250992366412214096e+02 4.020376175548590059e-01
3.253740458015267336e+02 3.989028213166144754e-01
3.256488549618320576e+02 3.871473354231975694e-01
3.259236641221374384e+02 3.863636363636363535e-01
3.261984732824427624e+02 3.934169278996865193e-01
3.264732824427480864e+02 4.004702194357366851e-01
3.267480916030534672e+02 4.043887147335423204e-01
3.270229007633587912e+02 4.083072100313479558e-01
3.272977099236641152e+02 4.255485893416928178e-01
3.275725190839694960e+02 4.341692789968651933e-01
3.278473282442748200e+02 4.412225705329153591e-01
3.281221374045801440e+02 4.443573667711598896e-01
3.283969465648855248e+02 4.521943573667711602e-01
3.286717557251908488e+02 4.584639498432602212e-01
3.289465648854961728e+02 4.631661442006269613e-01
3.292213740458015536e+02 4.686520376175549174e-01
3.294961832061068776e+02 4.811912225705329282e-01
3.297709923664122016e+02 4.937304075235109391e-01
3.300458015267175824e+02 5.031347962382445305e-01
3.303206106870229064e+02 5.086206896551723755e-01
3.305954198473282872e+02 5.156739811912225413e-01
3.308702290076336112e+02 5.258620689655172376e-01
3.311450381679389352e+02 5.289968652037617680e-01
3.314198473282443160e+02 5.313479623824450826e-01
3.316946564885496400e+02 5.391849529780564643e-01
3.319694656488549640e+02 5.446708463949843093e-01
3.322442748091603448e+02 5.478056426332288398e-01
3.325190839694656688e+02 5.485893416927900557e-01
3.327938931297709928e+02 5.525078369905955800e-01
3.330687022900763736e+02 5.579937304075235360e-01
3.333435114503816976e+02 5.603448275862068506e-01
3.336183206106870216e+02 5.666144200626959115e-01
3.338931297709924024e+02 5.689655172413793371e-01
3.341679389312977264e+02 5.721003134796238676e-01
3.344427480916030504e+02 5.736677115987460773e-01
3.347175572519084312e+02 5.760188087774295029e-01
3.349923664122137552e+02 5.815047021943573480e-01
3.352671755725190792e+02 5.822884012539184528e-01
3.355419847328244600e+02 5.893416927899686186e-01
3.358167938931297840e+02 5.901253918495297235e-01
3.360916030534351080e+02 5.924764890282132601e-01
3.363664122137404888e+02 5.932601880877743650e-01
3.366412213740458128e+02 5.932601880877743650e-01
3.369160305343511368e+02 5.901253918495297235e-01
3.371908396946565176e+02 5.862068965517241992e-01
3.374656488549618416e+02 5.815047021943573480e-01
3.377404580152671656e+02 5.752351097178682870e-01
3.380152671755725464e+02 5.673981191222570164e-01
3.382900763358778704e+02 5.642633228840125970e-01
3.385648854961832512e+02 5.603448275862068506e-01
3.388396946564885752e+02 5.572100313479624312e-01
3.391145038167938992e+02 5.556426332288402214e-01
3.393893129770992800e+02 5.525078369905955800e-01
3.396641221374046040e+02 5.493730407523511605e-01
3.399389312977099280e+02 5.454545454545454142e-01
3.402137404580153088e+02 5.329153605015674033e-01
3.404885496183206328e+02 5.274294670846395583e-01
3.407633587786259568e+02 5.242946708463950278e-01
3.410381679389313376e+02 5.227272727272727071e-01
3.413129770992366616e+02 5.219435736677116022e-01
3.415877862595419856e+02 5.235109717868338119e-01
3.418625954198473664e+02 5.219435736677116022e-01
3.421374045801526904e+02 5.148902821316614364e-01
3.424122137404580144e+02 5.086206896551723755e-01
3.426870229007633952e+02 5.023510971786834256e-01
3.429618320610687192e+02 4.898119122257053037e-01
3.432366412213740432e+02 4.819749216300940331e-01
3.435114503816794240e+02 4.741379310344827624e-01
3.437862595419847480e+02 4.702194357366771271e-01
3.440610687022900720e+02 4.584639498432602212e-01
3.443358778625954528e+02 4.529780564263322651e-01
3.446106870229007768e+02 4.514106583072100554e-01
3.448854961832061008e+02 4.459247648902820993e-01
3.451603053435114816e+02 4.326018808777429836e-01
3.454351145038168056e+02 4.239811912225706081e-01
3.457099236641221296e+02 4.208463949843260776e-01
3.459847328244275104e+02 4.153605015673981216e-01
3.462595419847328344e+02 4.098746081504702765e-01
3.465343511450381584e+02 4.036050156739812156e-01
3.468091603053435392e+02 4.028213166144201107e-01
3.470839694656488632e+02 4.059561128526646412e-01
3.473587786259541872e+02 4.122257053291535911e-01
3.476335877862595680e+02 4.161442006269592264e-01
3.479083969465648920e+02 4.184952978056426520e-01
3.481832061068702728e+02 4.224137931034482873e-01
3.484580152671755968e+02 4.247648902821317130e-01
3.487328244274809208e+02 4.216300940438871825e-01
3.490076335877863016e+02 4.114420062695924862e-01
3.492824427480916256e+02 4.059561128526646412e-01
3.495572519083969496e+02 4.043887147335423204e-01
3.498320610687023304e+02 4.004702194357366851e-01
3.501068702290076544e+02 3.973354231974921547e-01
3.503816793893129784e+02 4.083072100313479558e-01
3.506564885496183592e+02 4.278996865203762434e-01
3.509312977099236832e+02 4.349529780564264092e-01
3.512061068702290072e+02 4.388714733542320445e-01
3.514809160305343880e+02 4.412225705329153591e-01
3.517557251908397120e+02 4.647335423197492821e-01
3.520305343511450360e+02 4.827586206896551380e-01
3.523053435114504168e+02 4.898119122257053037e-01
3.525801526717557408e+02 4.952978056426332598e-01
3.528549618320610648e+02 5.023510971786834256e-01
3.531297709923664456e+02 5.054858934169279561e-01
3.534045801526717696e+02 5.094043887147334804e-01
3.536793893129770936e+02 5.156739811912225413e-01
3.539541984732824744e+02 5.219435736677116022e-01
3.542290076335877984e+02 5.258620689655172376e-01
3.545038167938931224e+02 5.274294670846395583e-01
3.547786259541985032e+02 5.282131661442006632e-01
3.550534351145038272e+02 5.297805642633228729e-01
3.553282442748091512e+02 5.289968652037617680e-01
3.556030534351145320e+02 5.352664576802508289e-01
3.558778625954198560e+02 5.438871473354232045e-01
3.561526717557252368e+02 5.462382445141065190e-01
3.564274809160305608e+02 5.470219435736677349e-01
3.567022900763358848e+02 5.564263322884013263e-01
3.569770992366412656e+02 5.697492163009404420e-01
3.572519083969465896e+02 5.768025078369906078e-01
3.575267175572519136e+02 5.744514106583071822e-01
3.578015267175572944e+02 5.713166144200627627e-01
3.580763358778626184e+02 5.705329153605016579e-01
3.583511450381679424e+02 5.673981191222570164e-01
3.586259541984733232e+02 5.634796238244514921e-01
3.589007633587786472e+02 5.666144200626959115e-01
3.591755725190839712e+02 5.705329153605016579e-01
3.594503816793893520e+02 5.713166144200627627e-01
3.597251908396946760e+02 5.775862068965518237e-01
3.600000000000000000e+02 5.846394984326018784e-01
3.602748091603053808e+02 5.885579937304075138e-01
3.605496183206107048e+02 5.846394984326018784e-01
3.608244274809160288e+02 5.752351097178682870e-01
3.610992366412214096e+02 5.728840125391849725e-01
3.613740458015267336e+02 5.666144200626959115e-01
3.616488549618320576e+02 5.556426332288402214e-01
3.619236641221374384e+02 5.454545454545454142e-01
3.621984732824427624e+02 5.352664576802508289e-01
3.624732824427480864e+02 5.274294670846395583e-01
3.627480916030534672e+02 5.203761755485893925e-01
3.630229007633587912e+02 5.180250783699059669e-01
3.632977099236641152e+02 5.172413793103448620e-01
3.635725190839694960e+02 5.180250783699059669e-01
3.638473282442748200e+02 5.250783699059561327e-01
3.641221374045801440e+02 5.321316614420062985e-01
3.643969465648855248e+02 5.360501567398119338e-01
3.646717557251908488e+02 5.360501567398119338e-01
3.649465648854961728e+02 5.336990595611286192e-01
3.652213740458015536e+02 5.321316614420062985e-01
3.654961832061068776e+02 5.219435736677116022e-01
3.657709923664122584e+02 5.141065830721003316e-01
3.660458015267175824e+02 5.031347962382445305e-01
3.663206106870229064e+02 4.952978056426332598e-01
3.665954198473282872e+02 4.874608150470219892e-01
3.668702290076336112e+02 4.757053291536050832e-01
3.671450381679389352e+02 4.733542319749216576e-01
3.674198473282443160e+02 4.670846394984325967e-01
3.676946564885496400e+02 4.655172413793103869e-01
3.679694656488549640e+02 4.663009404388714918e-01
3.682442748091603448e+02 4.615987460815047516e-01
3.685190839694656688e+02 4.521943573667711602e-01
3.687938931297709928e+02 4.451410658307209944e-01
3.690687022900763736e+02 4.396551724137931494e-01
3.693435114503816976e+02 4.333855799373040885e-01
3.696183206106870216e+02 4.231974921630093922e-01
3.698931297709924024e+02 4.130094043887148070e-01
3.701679389312977264e+02 4.098746081504702765e-01
3.704427480916030504e+02 4.098746081504702765e-01
3.707175572519084312e+02 4.075235109717868509e-01
3.709923664122137552e+02 4.059561128526646412e-01
3.712671755725190792e+02 4.051724137931034253e-01
3.715419847328244600e+02 4.075235109717868509e-01
3.718167938931297840e+02 4.098746081504702765e-01
3.720916030534351080e+02 4.177115987460815472e-01
3.723664122137404888e+02 4.358367238044421610e-01
3.726412213740458128e+02 4.474921630094044200e-01
3.729160305343511368e+02 4.529780564263322651e-01
3.731908396946565176e+02 4.568965517241379004e-01
3.734656488549618416e+02 4.647335423197492821e-01
3.737404580152672224e+02 4.647335423197492821e-01
3.740152671755725464e+02 4.584639498432602212e-01
3.742900763358778704e+02 4.553291536050156907e-01
3.745648854961832512e+02 4.537617554858934810e-01
3.748396946564885752e+02 4.537617554858934810e-01
3.751145038167938992e+02 4.600313479623824309e-01
3.753893129770992800e+02 4.615987460815047516e-01
3.756641221374046040e+02 4.655172413793103869e-01
3.759389312977099280e+02 4.663009404388714918e-01
3.762137404580153088e+02 4.663009404388714918e-01
3.764885496183206328e+02 4.663009404388714918e-01
3.767633587786259568e+02 4.725705329153605527e-01
3.770381679389313376e+02 4.796238244514107185e-01
3.773129770992366616e+02 4.866771159874608843e-01
3.775877862595419856e+02 4.960815047021943647e-01
3.778625954198473664e+02 5.101880877742946963e-01
3.781374045801526904e+02 5.266457680250784534e-01
3.784122137404580144e+02 5.352664576802508289e-01
3.786870229007633952e+02 5.438871473354232045e-01
3.789618320610687192e+02 5.540752351097179007e-01
3.792366412213740432e+02 5.658307210031348067e-01
3.795114503816794240e+02 5.721003134796238676e-01
3.797862595419847480e+02 5.752351097178682870e-01
3.800610687022900720e+02 5.783699059561129285e-01
3.803358778625954528e+02 5.822884012539184528e-01
3.806106870229007768e+02 5.822884012539184528e-01
3.808854961832061008e+02 5.838557993730407736e-01
3.811603053435114816e+02 5.862068965517241992e-01
3.814351145038168056e+02 5.893416927899686186e-01
3.817099236641221296e+02 5.948275862068965747e-01
3.819847328244275104e+02 5.995297805642633149e-01
3.822595419847328344e+02 5.971786833855798893e-01
3.825343511450381584e+02 5.901253918495297235e-01
3.828091603053435392e+02 5.885579937304075138e-01
3.830839694656488632e+02 5.838557993730407736e-01
3.833587786259542440e+02 5.768025078369906078e-01
3.836335877862595680e+02 5.697492163009404420e-01
3.839083969465648920e+02 5.603448275862068506e-01
3.841832061068702728e+02 5.579937304075235360e-01
3.844580152671755968e+02 5.556426332288402214e-01
3.847328244274809208e+02 5.548589341692790056e-01
3.850076335877863016e+02 5.540752351097179007e-01
3.852824427480916256e+02 5.509404388714733702e-01
3.855572519083969496e+02 5.485893416927900557e-01
3.858320610687023304e+02 5.423197492163009947e-01
3.861068702290076544e+02 5.329153605015674033e-01
3.863816793893129784e+02 5.266457680250784534e-01
3.866564885496183592e+02 5.235109717868338119e-01
3.869312977099236832e+02 5.195924764890282876e-01
3.872061068702290072e+02 5.109717868338558011e-01
3.874809160305343880e+02 5.039184952978056353e-01
3.877557251908397120e+02 4.976489028213166854e-01
3.880305343511450360e+02 4.945141065830721550e-01
3.883053435114504168e+02 4.858934169278996684e-01
3.885801526717557408e+02 4.811912225705329282e-01
3.888549618320610648e+02 4.788401253918495026e-01
3.891297709923664456e+02 4.717868338557994479e-01
3.894045801526717696e+02 4.678683385579937015e-01
3.896793893129770936e+02 4.655172413793103869e-01
3.899541984732824744e+02 4.655172413793103869e-01
3.902290076335877984e+02 4.647335423197492821e-01
3.905038167938931224e+02 4.521943573667711602e-01
3.907786259541985032e+02 4.506269592476489505e-01
3.910534351145038272e+02 4.482758620689655249e-01
3.913282442748092080e+02 4.467084639498433152e-01
3.916030534351145320e+02 4.349529780564264092e-01
3.918778625954198560e+02 4.278996865203762434e-01
3.921526717557252368e+02 4.192789968652037569e-01
3.924274809160305608e+02 4.067398119122257460e-01
3.927022900763358848e+02 3.981191222570532595e-01
3.929770992366412656e+02 3.934169278996865193e-01
3.932519083969465896e+02 3.894984326018808840e-01
3.935267175572519136e+02 3.824451410658307182e-01
3.938015267175572944e+02 3.808777429467085085e-01
3.940763358778626184e+02 3.879310344827586743e-01
3.943511450381679424e+02 3.910658307210032048e-01
3.946259541984733232e+02 3.973354231974921547e-01
3.949007633587786472e+02 4.067398119122257460e-01
3.951755725190839712e+02 4.169278996865204423e-01
3.954503816793893520e+02 4.239811912225706081e-01
3.957251908396946760e+02 4.278996865203762434e-01
3.960000000000000000e+02 4.357366771159875141e-01
3.962748091603053808e+02 4.404388714733542542e-01
3.965496183206107048e+02 4.435736677115987847e-01
3.968244274809160288e+02 4.443573667711598896e-01
3.970992366412214096e+02 4.506269592476489505e-01
3.973740458015267336e+02 4.663009404388714918e-01
3.976488549618320576e+02 4.702194357366771271e-01
3.979236641221374384e+02 4.717868338557994479e-01
3.981984732824427624e+02 4.741379310344827624e-01
3.984732824427480864e+02 4.866771159874608843e-01
3.987480916030534672e+02 4.945141065830721550e-01
3.990229007633587912e+02 4.960815047021943647e-01
3.992977099236641152e+02 5.031347962382445305e-01
3.995725190839694960e+02 5.180250783699059669e-01
3.998473282442748200e+02 5.274294670846395583e-01
4.001221374045801440e+02 5.384012539184952484e-01
4.003969465648855248e+02 5.509404388714733702e-01
4.006717557251908488e+02 5.642633228840125970e-01
4.009465648854962296e+02 5.728840125391849725e-01
4.012213740458015536e+02 5.783699059561129285e-01
4.014961832061068776e+02 5.830721003134795577e-01
4.017709923664122584e+02 5.901253918495297235e-01
4.020458015267175824e+02 5.862068965517241992e-01
4.023206106870229064e+02 5.838557993730407736e-01
4.025954198473282872e+02 5.791536050156740334e-01
4.028702290076336112e+02 5.822884012539184528e-01
4.031450381679389352e+02 5.893416927899686186e-01
4.034198473282443160e+02 5.963949843260187844e-01
4.036946564885496400e+02 6.105015673981191160e-01
4.039694656488549640e+02 6.128526645768025416e-01
4.042442748091603448e+02 6.191222570532914915e-01
4.045190839694656688e+02 6.246081504702194476e-01
4.047938931297709928e+02 6.238244514106583427e-01
4.050687022900763736e+02 6.167711598746081769e-01
4.053435114503816976e+02 5.963949843260187844e-01
4.056183206106870216e+02 5.932601880877743650e-01
4.058931297709924024e+02 5.862068965517241992e-01
4.061679389312977264e+02 5.783699059561129285e-01
4.064427480916030504e+02 5.681818181818181213e-01
4.067175572519084312e+02 5.517241379310344751e-01
4.069923664122137552e+02 5.485893416927900557e-01
4.072671755725190792e+02 5.407523510971786740e-01
4.075419847328244600e+02 5.305642633228839777e-01
4.078167938931297840e+02 5.235109717868338119e-01
4.080916030534351080e+02 5.148902821316614364e-01
4.083664122137404888e+02 5.141065830721003316e-01
4.086412213740458128e+02 5.125391849529781219e-01
4.089160305343511936e+02 5.047021943573668512e-01
4.091908396946565176e+02 5.000000000000000000e-01
4.094656488549618416e+02 4.976489028213166854e-01
4.097404580152672224e+02 4.960815047021943647e-01
4.100152671755725464e+02 4.913793103448276245e-01
4.102900763358778704e+02 4.898119122257053037e-01
4.105648854961832512e+02 4.882445141065830940e-01
4.108396946564885752e+02 4.858934169278996684e-01
4.111145038167938992e+02 4.858934169278996684e-01
4.113893129770992800e+02 4.858934169278996684e-01
4.116641221374046040e+02 4.827586206896551380e-01
4.119389312977099280e+02 4.796238244514107185e-01
4.122137404580153088e+02 4.741379310344827624e-01
4.124885496183206328e+02 4.655172413793103869e-01
4.127633587786259568e+02 4.576802507836991163e-01
4.130381679389313376e+02 4.514106583072100554e-01
4.133129770992366616e+02 4.459247648902820993e-01
4.135877862595419856e+02 4.357366771159875141e-01
4.138625954198473664e+02 4.271159874608150275e-01
4.141374045801526904e+02 4.216300940438871825e-01
4.144122137404580144e+02 4.169278996865204423e-01
4.146870229007633952e+02 4.130094043887148070e-01
4.149618320610687192e+02 4.114420062695924862e-01
4.152366412213740432e+02 4.153605015673981216e-01
4.155114503816794240e+02 4.177115987460815472e-01
4.157862595419847480e+02 4.208463949843260776e-01
4.160610687022900720e+02 4.255485893416928178e-01
4.163358778625954528e+02 4.302507836990595580e-01
4.166106870229007768e+02 4.333855799373040885e-01
4.168854961832061008e+02 4.357366771159875141e-01
4.171603053435114816e+02 4.357366771159875141e-01
4.174351145038168056e+02 4.357366771159875141e-01
4.177099236641221296e+02 4.357366771159875141e-01
4.179847328244275104e+02 4.365203761755486189e-01
4.182595419847328344e+02 4.388714733542320445e-01
4.185343511450382152e+02 4.412225705329153591e-01
4.188091603053435392e+02 4.412225705329153591e-01
4.190839694656488632e+02 4.427899686520376799e-01
4.193587786259542440e+02 4.443573667711598896e-01
4.196335877862595680e+02 4.443573667711598896e-01
4.199083969465648920e+02 4.443573667711598896e-01
4.201832061068702728e+02 4.490595611285266298e-01
4.204580152671755968e+02 4.584639498432602212e-01
4.207328244274809208e+02 4.631661442006269613e-01
4.210076335877863016e+02 4.647335423197492821e-01
4.212824427480916256e+02 4.655172413793103869e-01
4.215572519083969496e+02 4.804075235109718234e-01
4.218320610687023304e+02 4.913793103448276245e-01
4.221068702290076544e+02 5.015673981191222097e-01
4.223816793893129784e+02 5.086206896551723755e-01
4.226564885496183592e+02 5.148902821316614364e-01
4.229312977099236832e+02 5.219435736677116022e-01
4.232061068702290072e+02 5.258620689655172376e-01
4.234809160305343880e+02 5.352664576802508289e-01
4.237557251908397120e+02 5.446708463949843093e-01
4.240305343511450360e+02 5.493730407523511605e-01
4.243053435114504168e+02 5.517241379310344751e-01
4.245801526717557408e+02 5.493730407523511605e-01
4.248549618320610648e+02 5.478056426332288398e-01
4.251297709923664456e+02 5.493730407523511605e-01
4.254045801526717696e+02 5.548589341692790056e-01
4.256793893129770936e+02 5.564263322884013263e-01
4.259541984732824744e+02 5.611285266457680665e-01
4.262290076335877984e+02 5.705329153605016579e-01
4.265038167938931792e+02 5.807210031347962431e-01
4.267786259541985032e+02 5.862068965517241992e-01
4.270534351145038272e+02 5.885579937304075138e-01
4.273282442748092080e+02 5.909090909090909394e-01
4.276030534351145320e+02 5.909090909090909394e-01
4.278778625954198560e+02 5.885579937304075138e-01
4.281526717557252368e+02 5.854231974921630943e-01
4.284274809160305608e+02 5.838557993730407736e-01
4.287022900763358848e+02 5.822884012539184528e-01
4.289770992366412656e+02 5.822884012539184528e-01
4.292519083969465896e+02 5.830721003134795577e-01
4.295267175572519136e+02 5.862068965517241992e-01
4.298015267175572944e+02 5.869905956112853040e-01
4.300763358778626184e+02 5.752351097178682870e-01
4.303511450381679424e+02 5.595611285266457458e-01
4.306259541984733232e+02 5.485893416927900557e-01
4.309007633587786472e+02 5.470219435736677349e-01
4.311755725190839712e+02 5.431034482758620996e-01
4.314503816793893520e+02 5.305642633228839777e-01
4.317251908396946760e+02 5.070532915360501658e-01
4.320000000000000000e+02 4.976489028213166854e-01
4.322748091603053808e+02 4.968652037617554695e-01
4.325496183206107048e+02 4.968652037617554695e-01
4.328244274809160288e+02 4.945141065830721550e-01
4.330992366412214096e+02 4.945141065830721550e-01
4.333740458015267336e+02 4.937304075235109391e-01
4.336488549618320576e+02 4.835423197492163538e-01
4.339236641221374384e+02 4.780564263322883978e-01
4.341984732824427624e+02 4.764890282131661881e-01
4.344732824427480864e+02 4.733542319749216576e-01
4.347480916030534672e+02 4.647335423197492821e-01
4.350229007633587912e+02 4.592476489028213260e-01
4.352977099236641152e+02 4.576802507836991163e-01
4.355725190839694960e+02 4.568965517241379004e-01
4.358473282442748200e+02 4.521943573667711602e-01
4.361221374045802008e+02 4.514106583072100554e-01
4.363969465648855248e+02 4.474921630094044200e-01
4.366717557251908488e+02 4.451410658307209944e-01
4.369465648854962296e+02 4.427899686520376799e-01
4.372213740458015536e+02 4.404388714733542542e-01
4.374961832061068776e+02 4.349529780564264092e-01
4.377709923664122584e+02 4.326018808777429836e-01
4.380458015267175824e+02 4.310344827586206629e-01
4.383206106870229064e+02 4.357366771159875141e-01
4.385954198473282872e+02 4.396551724137931494e-01
4.388702290076336112e+02 4.420062695924764640e-01
4.391450381679389352e+02 4.467084639498433152e-01
4.394198473282443160e+02 4.521943573667711602e-01
4.396946564885496400e+02 4.561128526645767955e-01
4.399694656488549640e+02 4.553291536050156907e-01
4.402442748091603448e+02 4.537617554858934810e-01
4.405190839694656688e+02 4.521943573667711602e-01
4.407938931297709928e+02 4.506269592476489505e-01
4.410687022900763736e+02 4.514106583072100554e-01
4.413435114503816976e+02 4.537617554858934810e-01
4.416183206106870216e+02 4.545454545454545858e-01
4.418931297709924024e+02 4.537617554858934810e-01
4.421679389312977264e+02 4.529780564263322651e-01
4.424427480916030504e+02 4.529780564263322651e-01
4.427175572519084312e+02 4.592476489028213260e-01
4.429923664122137552e+02 4.655172413793103869e-01
4.432671755725190792e+02 4.757053291536050832e-01
4.435419847328244600e+02 4.811912225705329282e-01
4.438167938931297840e+02 4.843260188087774587e-01
4.440916030534351648e+02 4.882445141065830940e-01
4.443664122137404888e+02 4.937304075235109391e-01
4.446412213740458128e+02 4.929467084639498342e-01
4.449160305343511936e+02 4.905956112852665196e-01
4.451908396946565176e+02 4.882445141065830940e-01
4.454656488549618416e+02 4.874608150470219892e-01
4.457404580152672224e+02 4.913793103448276245e-01
4.460152671755725464e+02 4.960815047021943647e-01
4.462900763358778704e+02 5.000000000000000000e-01
4.465648854961832512e+02 5.015673981191222097e-01
4.468396946564885752e+02 5.125391849529781219e-01
4.471145038167938992e+02 5.219435736677116022e-01
4.473893129770992800e+02 5.289968652037617680e-01
4.476641221374046040e+02 5.313479623824450826e-01
4.479389312977099280e+02 5.384012539184952484e-01
4.482137404580153088e+02 5.462382445141065190e-01
4.484885496183206328e+02 5.493730407523511605e-01
4.487633587786259568e+02 5.509404388714733702e-01
4.490381679389313376e+02 5.564263322884013263e-01
4.493129770992366616e+02 5.634796238244514921e-01
4.495877862595419856e+02 5.650470219435737018e-01
4.498625954198473664e+02 5.658307210031348067e-01
4.501374045801526904e+02 5.697492163009404420e-01
4.504122137404580144e+02 5.713166144200627627e-01
4.506870229007633952e+02 5.721003134796238676e-01
4.509618320610687192e+02 5.752351097178682870e-01
4.512366412213740432e+02 5.791536050156740334e-01
4.515114503816794240e+02 5.854231974921630943e-01
4.517862595419847480e+02 5.909090909090909394e-01
4.520610687022900720e+02 5.940438871473354698e-01
4.523358778625954528e+02 5.956112852664576796e-01
4.526106870229007768e+02 5.940438871473354698e-01
4.528854961832061008e+02 5.893416927899686186e-01
4.531603053435114816e+02 5.807210031347962431e-01
4.534351145038168056e+02 5.666144200626959115e-01
4.537099236641221864e+02 5.587774294670846409e-01
4.539847328244275104e+02 5.540752351097179007e-01
4.542595419847328344e+02 5.470219435736677349e-01
4.545343511450382152e+02 5.368338557993730387e-01
4.548091603053435392e+02 5.282131661442006632e-01
4.550839694656488632e+02 5.242946708463950278e-01
4.553587786259542440e+02 5.203761755485893925e-01
4.556335877862595680e+02 5.109717868338558011e-01
4.559083969465648920e+02 5.000000000000000000e-01
4.561832061068702728e+02 4.968652037617554695e-01
4.564580152671755968e+02 4.952978056426332598e-01
4.567328244274809208e+02 4.921630094043887294e-01
4.570076335877863016e+02 4.882445141065830940e-01
4.572824427480916256e+02 4.858934169278996684e-01
4.575572519083969496e+02 4.835423197492163538e-01
4.578320610687023304e+02 4.749216300940438673e-01
4.581068702290076544e+02 4.663009404388714918e-01
4.583816793893129784e+02 4.639498432601880662e-01
4.586564885496183592e+02 4.623824451410658565e-01
4.589312977099236832e+02 4.600313479623824309e-01
4.592061068702290072e+02 4.490595611285266298e-01
4.594809160305343880e+02 4.467084639498433152e-01
4.597557251908397120e+02 4.443573667711598896e-01
4.600305343511450360e+02 4.412225705329153591e-01
4.603053435114504168e+02 4.326018808777429836e-01
4.605801526717557408e+02 4.278996865203762434e-01
4.608549618320610648e+02 4.271159874608150275e-01
4.611297709923664456e+02 4.263322884012539227e-01
4.614045801526717696e+02 4.208463949843260776e-01
4.616793893129771504e+02 4.216300940438871825e-01
4.619541984732824744e+02 4.231974921630093922e-01
4.622290076335877984e+02 4.239811912225706081e-01
4.625038167938931792e+02 4.247648902821317130e-01
4.627786259541985032e+02 4.247648902821317130e-01
4.630534351145038272e+02 4.247648902821317130e-01
4.633282442748092080e+02 4.255485893416928178e-01
4.636030534351145320e+02 4.286833855799373483e-01
4.638778625954198560e+02 4.294670846394984531e-01
4.641526717557252368e+02 4.302507836990595580e-01
4.644274809160305608e+02 4.318181818181818787e-01
4.647022900763358848e+02 4.349529780564264092e-01
4.649770992366412656e+02 4.404388714733542542e-01
4.652519083969465896e+02 4.506269592476489505e-01
4.655267175572519136e+02 4.584639498432602212e-01
4.658015267175572944e+02 4.639498432601880662e-01
4.660763358778626184e+02 4.678683385579937015e-01
4.663511450381679424e+02 4.741379310344827624e-01
4.666259541984733232e+02 4.772727272727272929e-01
4.669007633587786472e+02 4.772727272727272929e-01
4.671755725190839712e+02 4.796238244514107185e-01
4.674503816793893520e+02 4.843260188087774587e-01
4.677251908396946760e+02 5.000000000000000000e-01
4.680000000000000000e+02 5.054858934169279561e-01
4.682748091603053808e+02 5.125391849529781219e-01
4.685496183206107048e+02 5.211598746081504974e-01
4.688244274809160288e+02 5.258620689655172376e-01
4.690992366412214096e+02 5.376175548589341435e-01
4.693740458015267336e+02 5.407523510971786740e-01
4.696488549618320576e+02 5.462382445141065190e-01
4.699236641221374384e+02 5.485893416927900557e-01
4.701984732824427624e+02 5.462382445141065190e-01
4.704732824427480864e+02 5.462382445141065190e-01
4.707480916030534672e+02 5.462382445141065190e-01
4.710229007633587912e+02 5.478056426332288398e-01
4.712977099236641720e+02 5.532915360501566848e-01
4.715725190839694960e+02 5.658307210031348067e-01
4.718473282442748200e+02 5.822884012539184528e-01
4.721221374045802008e+02 5.846394984326018784e-01
4.723969465648855248e+02 5.869905956112853040e-01
4.726717557251908488e+02 5.932601880877743650e-01
4.729465648854962296e+02 6.003134796238245308e-01
4.732213740458015536e+02 5.963949843260187844e-01
4.734961832061068776e+02 5.901253918495297235e-01
4.737709923664122584e+02 5.877742946708464089e-01
4.740458015267175824e+02 5.846394984326018784e-01
4.743206106870229064e+02 5.783699059561129285e-01
4.745954198473282872e+02 5.744514106583071822e-01
4.748702290076336112e+02 5.760188087774295029e-01
4.751450381679389352e+02 5.768025078369906078e-01
4.754198473282443160e+02 5.775862068965518237e-01
4.756946564885496400e+02 5.713166144200627627e-01
4.759694656488549640e+02 5.681818181818181213e-01
4.762442748091603448e+02 5.658307210031348067e-01
4.765190839694656688e+02 5.540752351097179007e-01
4.767938931297709928e+02 5.470219435736677349e-01
4.770687022900763736e+02 5.438871473354232045e-01
4.773435114503816976e+02 5.423197492163009947e-01
4.776183206106870216e+02 5.305642633228839777e-01
4.778931297709924024e+02 5.180250783699059669e-01
4.781679389312977264e+02 5.148902821316614364e-01
4.784427480916030504e+02 5.141065830721003316e-01
4.787175572519084312e+02 5.086206896551723755e-01
4.789923664122137552e+02 4.952978056426332598e-01
4.792671755725191360e+02 4.819749216300940331e-01
4.795419847328244600e+02 4.804075235109718234e-01
4.798167938931297840e+02 4.788401253918495026e-01
4.800916030534351648e+02 4.639498432601880662e-01
4.803664122137404888e+02 4.545454545454545858e-01
4.806412213740458128e+02 4.521943573667711602e-01
4.809160305343511936e+02 4.506269592476489505e-01
4.811908396946565176e+02 4.443573667711598896e-01
4.814656488549618416e+02 4.318181818181818787e-01
4.817404580152672224e+02 4.294670846394984531e-01
4.820152671755725464e+02 4.271159874608150275e-01
4.822900763358778704e+02 4.247648902821317130e-01
4.825648854961832512e+02 4.208463949843260776e-01
4.828396946564885752e+02 4.192789968652037569e-01
4.831145038167938992e+02 4.184952978056426520e-01
4.833893129770992800e+02 4.169278996865204423e-01
4.836641221374046040e+02 4.114420062695924862e-01
4.839389312977099280e+02 4.106583072100313814e-01
4.842137404580153088e+02 4.137931034482759118e-01
4.844885496183206328e+02 4.145768025078370167e-01
4.847633587786259568e+02 4.184952978056426520e-01
4.850381679389313376e+02 4.263322884012539227e-01
4.853129770992366616e+02 4.294670846394984531e-01
4.855877862595419856e+02 4.318181818181818787e-01
4.858625954198473664e+02 4.341692789968651933e-01
4.861374045801526904e+02 4.341692789968651933e-01
4.864122137404580144e+02 4.333855799373040885e-01
4.866870229007633952e+02 4.341692789968651933e-01
4.869618320610687192e+02 4.404388714733542542e-01
4.872366412213740432e+02 4.443573667711598896e-01
4.875114503816794240e+02 4.490595611285266298e-01
4.877862595419847480e+02 4.600313479623824309e-01
4.880610687022900720e+02 4.623824451410658565e-01
4.883358778625954528e+02 4.702194357366771271e-01
4.886106870229007768e+02 4.710031347962382320e-01
4.888854961832061576e+02 4.780564263322883978e-01
4.891603053435114816e+02 4.843260188087774587e-01
4.894351145038168056e+02 4.851097178683385636e-01
4.897099236641221864e+02 4.858934169278996684e-01
4.899847328244275104e+02 4.858934169278996684e-01
4.902595419847328344e+02 4.913793103448276245e-01
4.905343511450382152e+02 4.976489028213166854e-01
4.908091603053435392e+02 5.015673981191222097e-01
4.910839694656488632e+02 5.070532915360501658e-01
4.913587786259542440e+02 5.219435736677116022e-01
4.916335877862595680e+02 5.344827586206897241e-01
4.919083969465648920e+02 5.462382445141065190e-01
4.921832061068702728e+02 5.532915360501566848e-01
4.924580152671755968e+02 5.579937304075235360e-01
4.927328244274809208e+02 5.728840125391849725e-01
4.930076335877863016e+02 5.807210031347962431e-01
4.932824427480916256e+02 5.869905956112853040e-01
4.935572519083969496e+02 5.901253918495297235e-01
4.938320610687023304e+02 5.995297805642633149e-01
4.941068702290076544e+02 6.081504702194358014e-01
4.943816793893129784e+02 6.089341692789969063e-01
4.946564885496183592e+02 6.112852664576802209e-01
4.949312977099236832e+02 6.136363636363636465e-01
4.952061068702290072e+02 6.057993730407523758e-01
4.954809160305343880e+02 5.995297805642633149e-01
4.957557251908397120e+02 5.940438871473354698e-01
4.960305343511450360e+02 5.924764890282132601e-01
4.963053435114504168e+02 5.791536050156740334e-01
4.965801526717557408e+02 5.713166144200627627e-01
4.968549618320611216e+02 5.713166144200627627e-01
4.971297709923664456e+02 5.744514106583071822e-01
4.974045801526717696e+02 5.775862068965518237e-01
4.976793893129771504e+02 5.783699059561129285e-01
4.979541984732824744e+02 5.721003134796238676e-01
4.982290076335877984e+02 5.681818181818181213e-01
4.985038167938931792e+02 5.673981191222570164e-01
4.987786259541985032e+02 5.611285266457680665e-01
4.990534351145038272e+02 5.540752351097179007e-01
4.993282442748092080e+02 5.478056426332288398e-01
4.996030534351145320e+02 5.517241379310344751e-01
4.998778625954198560e+02 5.517241379310344751e-01
5.001526717557252368e+02 5.431034482758620996e-01
5.004274809160305608e+02 5.423197492163009947e-01
5.007022900763358848e+02 5.391849529780564643e-01
5.009770992366412656e+02 5.360501567398119338e-01
5.012519083969465896e+02 5.195924764890282876e-01
5.015267175572519136e+02 5.117554858934170170e-01
5.018015267175572944e+02 4.984326018808777903e-01
5.020763358778626184e+02 4.811912225705329282e-01
5.023511450381679424e+02 4.749216300940438673e-01
5.026259541984733232e+02 4.694357366771160223e-01
