1.086535552193645948e+01 6.454545454545455030e-01
1.092889561270801835e+01 6.454545454545455030e-01
1.099243570347957544e+01 6.454545454545455030e-01
1.105597579425113430e+01 6.454545454545455030e-01
1.111951588502269139e+01 6.448863636363636465e-01
1.118305597579425026e+01 6.443181818181817899e-01
1.124659606656580912e+01 6.346590909090910060e-01
1.131013615733736621e+01 5.926136363636363980e-01
1.137367624810892508e+01 5.914772727272727959e-01
1.143721633888048395e+01 5.880681818181818787e-01
1.150075642965204104e+01 5.857954545454545636e-01
1.156429652042359990e+01 5.840909090909091050e-01
1.162783661119515877e+01 5.829545454545455030e-01
1.169137670196671586e+01 5.806818181818181879e-01
1.175491679273827472e+01 5.749999999999999556e-01
1.181845688350983359e+01 5.732954545454544970e-01
1.188199697428139068e+01 5.443181818181819231e-01
1.194553706505294954e+01 5.414772727272727515e-01
1.200907715582450841e+01 5.397727272727272929e-01
1.207261724659606550e+01 5.257954545454546214e-01
1.213615733736762436e+01 5.034090909090909172e-01
1.219969742813918145e+01 5.028409090909091717e-01
1.226323751891074032e+01 5.022727272727273151e-01
1.232677760968229919e+01 4.833333333333332815e-01
1.239031770045385628e+01 4.782670454545454586e-01
1.245385779122541514e+01 4.789772727272727515e-01
1.251739788199697401e+01 4.772727272727272929e-01
1.258093797276853110e+01 4.761363636363636909e-01
1.264447806354008996e+01 4.721590909090909172e-01
1.270801815431164883e+01 4.710227272727273151e-01
1.277155824508320592e+01 4.471590909090908950e-01
1.385173978819969598e+01 4.056818181818182545e-01
1.391527987897125485e+01 4.056818181818182545e-01
1.416944024205748853e+01 4.113636363636363757e-01
1.423298033282904562e+01 4.107954545454545192e-01
1.429652042360060449e+01 4.102272727272727737e-01
1.436006051437216335e+01 4.102272727272727737e-01
1.442360060514372044e+01 4.102272727272727737e-01
1.448714069591527931e+01 4.056818181818182545e-01
1.455068078668683640e+01 4.049242424242425198e-01
1.461422087745839526e+01 4.049242424242425198e-01
1.467776096822995413e+01 4.046487603305786163e-01
1.474130105900151122e+01 4.054292929292929726e-01
1.480484114977307009e+01 4.049715909090909616e-01
1.486838124054462895e+01 4.011363636363636243e-01
1.493192133131618604e+01 4.011363636363636243e-01
1.499546142208774491e+01 4.011363636363636243e-01
1.505900151285930377e+01 4.005681818181818787e-01
1.512254160363086086e+01 4.005681818181818787e-01
1.518608169440241973e+01 3.994318181818181657e-01
1.524962178517397859e+01 4.028846153846153966e-01
1.531316187594553568e+01 4.068181818181818565e-01
1.537670196671709455e+01 4.152272727272727781e-01
1.544024205748865342e+01 4.129870129870130135e-01
1.550378214826021050e+01 4.115259740259740173e-01
1.556732223903176937e+01 4.115259740259740173e-01
1.563086232980332824e+01 4.115259740259740173e-01
1.569440242057488533e+01 4.170454545454546080e-01
1.575794251134644419e+01 4.170454545454546080e-01
1.582148260211800128e+01 4.176136363636363535e-01
1.594856278366111901e+01 4.495920745920746198e-01
1.601210287443267788e+01 4.445312500000000444e-01
1.607564296520423497e+01 4.429590017825312254e-01
1.613918305597579206e+01 4.420454545454545192e-01
1.620272314674735270e+01 4.420454545454545192e-01
1.626626323751890979e+01 4.412210338680926380e-01
1.632980332829046688e+01 4.379648760330578927e-01
1.639334341906202752e+01 4.681818181818182545e-01
1.645688350983358461e+01 4.681818181818182545e-01
1.652042360060514170e+01 4.676136363636363980e-01
1.658396369137670234e+01 4.676136363636363980e-01
1.664750378214825943e+01 4.670454545454545414e-01
1.671104387291981652e+01 4.670454545454545414e-01
1.677458396369137716e+01 4.670454545454545414e-01
1.683812405446293425e+01 4.676136363636363980e-01
1.690166414523449134e+01 4.676136363636363980e-01
1.696520423600605199e+01 4.676136363636363980e-01
1.702874432677760907e+01 4.659090909090909394e-01
1.709228441754916616e+01 4.776515151515151603e-01
1.715582450832072681e+01 4.724747474747474918e-01
1.721936459909228390e+01 4.768465909090909838e-01
1.728290468986384099e+01 4.785714285714286476e-01
1.734644478063540163e+01 4.811818181818181550e-01
1.740998487140695872e+01 4.821548821548822250e-01
1.747352496217851581e+01 4.840909090909091272e-01
1.753706505295007290e+01 5.017045454545454586e-01
1.760060514372163354e+01 5.011363636363637131e-01
1.779122541603630836e+01 5.304439746300211311e-01
1.785476550680786545e+01 5.285326086956522174e-01
1.791830559757942254e+01 5.258689839572192604e-01
1.798184568835098318e+01 5.250000000000000222e-01
1.804538577912254027e+01 5.250000000000000222e-01
1.810892586989409736e+01 5.250000000000000222e-01
1.817246596066565800e+01 5.344318181818181746e-01
1.823600605143721509e+01 5.585227272727273373e-01
1.829954614220877218e+01 5.579545454545454808e-01
1.836308623298033282e+01 5.579545454545454808e-01
1.842662632375188991e+01 5.579545454545454808e-01
1.849016641452344700e+01 5.579545454545454808e-01
1.855370650529500764e+01 5.596590909090909394e-01
1.861724659606656473e+01 5.625000000000000000e-01
1.868078668683812182e+01 5.630681818181818565e-01
1.874432677760968247e+01 5.642045454545454586e-01
1.880786686838123956e+01 5.659090909090909172e-01
1.887140695915279665e+01 5.676136363636363757e-01
1.893494704992435729e+01 5.694805194805194759e-01
1.899848714069591438e+01 5.749999999999999556e-01
1.906202723146747147e+01 5.755681818181818121e-01
1.912556732223903211e+01 5.761363636363636687e-01
1.918910741301058920e+01 5.767045454545454142e-01
1.925264750378214629e+01 6.019820295983087100e-01
1.931618759455370693e+01 6.062499999999999556e-01
1.937972768532526402e+01 6.056818181818182101e-01
1.944326777609682111e+01 6.056818181818182101e-01
1.950680786686838175e+01 6.075216450216449626e-01
1.957034795763993884e+01 6.072339246119733414e-01
1.963388804841149593e+01 6.066115702479338845e-01
1.969742813918305657e+01 6.312500000000000888e-01
1.976096822995461366e+01 6.312500000000000888e-01
1.982450832072617075e+01 6.340909090909090384e-01
1.988804841149772784e+01 6.352272727272727515e-01
1.995158850226928848e+01 6.374999999999999556e-01
2.071406959152798777e+01 6.778409090909091050e-01
2.103177004538577677e+01 6.664772727272727515e-01
2.109531013615733741e+01 6.670454545454544970e-01
2.115885022692889450e+01 6.670454545454544970e-01
2.122239031770045159e+01 6.664772727272727515e-01
2.141301059001512641e+01 6.590909090909091717e-01
2.147655068078668705e+01 6.590909090909091717e-01
2.154009077155824414e+01 6.590909090909091717e-01
2.160363086232980123e+01 6.596590909090909172e-01
2.166717095310136187e+01 6.596590909090909172e-01
2.173071104387291896e+01 6.596590909090909172e-01
2.204841149773071152e+01 6.819805194805195203e-01
2.211195158850226861e+01 6.789335664335665044e-01
2.217549167927382570e+01 6.886363636363637131e-01
2.223903177004538279e+01 6.886363636363637131e-01
2.230257186081694343e+01 6.880681818181818565e-01
2.236611195158850052e+01 6.886363636363637131e-01
2.242965204236005761e+01 6.886363636363637131e-01
2.249319213313161825e+01 6.886363636363637131e-01
2.255673222390317534e+01 6.855519480519480791e-01
2.262027231467473243e+01 6.848011363636363757e-01
2.268381240544629307e+01 6.843434343434343647e-01
2.274735249621785016e+01 6.843434343434343647e-01
2.281089258698940725e+01 6.843434343434343647e-01
2.287443267776096789e+01 6.843434343434343647e-01
2.293797276853252498e+01 6.843434343434343647e-01
2.300151285930408207e+01 6.823863636363636243e-01
2.306505295007564271e+01 6.784090909090909616e-01
2.319213313161875689e+01 6.647727272727272929e-01
2.325567322239031753e+01 6.665909090909091228e-01
2.331921331316187462e+01 6.679383116883117477e-01
2.338275340393343171e+01 6.676573426573426673e-01
2.344629349470499236e+01 6.693181818181818121e-01
2.350983358547654944e+01 6.829545454545454808e-01
2.357337367624810653e+01 6.829545454545454808e-01
2.363691376701966718e+01 6.829545454545454808e-01
2.370045385779122427e+01 6.829545454545454808e-01
2.376399394856278136e+01 6.829545454545454808e-01
2.382753403933434200e+01 6.829545454545454808e-01
2.389107413010589909e+01 6.829545454545454808e-01
2.395461422087745618e+01 6.829545454545454808e-01
2.401815431164901682e+01 6.818181818181818787e-01
2.408169440242057391e+01 6.727272727272727293e-01
2.414523449319213100e+01 6.715909090909091272e-01
2.420877458396369164e+01 6.715909090909091272e-01
2.427231467473524873e+01 6.710227272727272707e-01
2.433585476550680582e+01 6.673863636363637220e-01
2.439939485627836291e+01 6.494318181818181657e-01
2.446293494704992355e+01 6.482954545454545636e-01
2.452647503782148064e+01 6.471590909090909616e-01
2.459001512859303773e+01 6.451704545454546302e-01
2.465355521936459837e+01 6.254870129870130357e-01
2.471709531013615546e+01 6.210227272727273373e-01
2.478063540090771255e+01 6.210227272727273373e-01
2.484417549167927319e+01 6.210227272727273373e-01
2.490771558245083028e+01 6.210227272727273373e-01
2.497125567322238737e+01 6.210227272727273373e-01
2.503479576399394801e+01 6.215909090909090828e-01
2.509833585476550510e+01 6.210227272727273373e-01
2.541603630862329766e+01 6.267045454545454586e-01
2.547957639939485475e+01 6.272727272727273151e-01
2.554311649016641184e+01 6.267045454545454586e-01
2.560665658093797248e+01 6.272727272727273151e-01
2.567019667170952957e+01 6.267045454545454586e-01
2.573373676248108666e+01 6.267045454545454586e-01
2.579727685325264730e+01 6.255681818181818565e-01
2.592435703479576148e+01 6.193181818181818787e-01
2.598789712556732212e+01 6.011363636363635798e-01
2.605143721633887921e+01 5.978977272727272751e-01
2.611497730711043630e+01 5.957128099173554237e-01
2.617851739788199694e+01 5.704545454545455474e-01
2.624205748865355403e+01 5.704545454545455474e-01
2.630559757942511112e+01 5.710227272727272929e-01
2.636913767019667176e+01 5.710227272727272929e-01
2.643267776096822885e+01 5.710227272727272929e-01
2.649621785173978594e+01 5.710227272727272929e-01
2.655975794251134658e+01 5.715909090909090384e-01
2.662329803328290367e+01 5.715909090909090384e-01
2.668683812405446076e+01 5.715909090909090384e-01
2.675037821482601785e+01 5.721590909090910060e-01
2.681391830559757850e+01 5.430069930069930662e-01
2.687745839636913558e+01 5.428321678321679222e-01
2.694099848714069267e+01 5.403409090909090384e-01
2.700453857791225332e+01 5.403409090909090384e-01
2.706807866868381041e+01 5.403409090909090384e-01
2.713161875945536750e+01 5.386363636363635798e-01
2.719515885022692814e+01 5.380681818181818343e-01
2.725869894099848523e+01 5.107954545454544970e-01
2.732223903177004232e+01 5.107954545454544970e-01
2.738577912254160296e+01 5.096590909090910060e-01
2.744931921331316005e+01 5.079545454545455474e-01
2.751285930408471714e+01 4.920454545454545636e-01
2.757639939485627778e+01 4.903409090909091050e-01
2.763993948562783487e+01 4.840909090909091272e-01
2.770347957639939196e+01 4.732954545454545192e-01
2.776701966717095260e+01 4.721590909090909172e-01
2.783055975794250969e+01 4.704545454545454586e-01
2.789409984871406678e+01 4.681818181818182545e-01
2.795763993948562742e+01 4.636363636363636243e-01
2.802118003025718451e+01 4.636363636363636243e-01
2.808472012102874160e+01 4.630681818181818787e-01
2.814826021180030224e+01 4.625000000000000222e-01
2.821180030257185933e+01 4.596590909090909616e-01
2.827534039334341642e+01 4.500000000000000666e-01
2.833888048411497707e+01 4.403409090909091717e-01
2.922844175491679053e+01 4.056818181818182545e-01
2.929198184568834762e+01 3.787587412587412050e-01
2.935552193645990826e+01 3.790043290043290103e-01
2.941906202723146535e+01 3.715909090909090828e-01
2.948260211800302244e+01 3.613636363636364424e-01
2.954614220877458308e+01 3.602272727272727293e-01
2.960968229954614017e+01 3.558712121212120882e-01
2.967322239031769726e+01 3.552556818181819009e-01
2.973676248108925790e+01 3.548863636363636109e-01
2.980030257186081499e+01 3.528409090909091494e-01
2.986384266263237208e+01 3.511363636363636909e-01
2.992738275340393272e+01 3.517045454545454364e-01
2.999092284417548981e+01 3.522727272727272929e-01
3.005446293494704690e+01 3.308080808080807733e-01
3.011800302571860755e+01 3.265151515151515360e-01
3.018154311649016464e+01 3.250000000000000666e-01
3.024508320726172172e+01 3.250000000000000666e-01
3.030862329803328237e+01 3.255681818181818121e-01
3.037216338880483946e+01 3.272428229665073074e-01
3.043570347957639655e+01 3.297520661157024024e-01
3.049924357034795719e+01 3.039772727272727071e-01
3.056278366111951428e+01 3.051136363636364202e-01
3.062632375189107137e+01 3.056818181818181657e-01
3.068986384266263201e+01 3.056818181818181657e-01
3.075340393343418910e+01 3.062500000000000222e-01
3.081694402420574619e+01 3.062500000000000222e-01
3.088048411497730683e+01 3.056818181818181657e-01
3.094402420574886392e+01 3.051136363636364202e-01
3.100756429652042101e+01 3.022727272727273595e-01
3.107110438729198165e+01 2.854545454545455163e-01
3.113464447806353874e+01 2.806818181818182545e-01
3.119818456883509583e+01 2.784090909090909394e-01
3.126172465960665647e+01 2.602272727272727515e-01
3.132526475037821356e+01 2.568181818181818343e-01
3.138880484114977065e+01 2.562500000000000888e-01
3.145234493192132774e+01 2.562500000000000888e-01
3.151588502269288838e+01 2.556818181818182323e-01
3.157942511346444547e+01 2.354166666666666075e-01
3.164296520423600256e+01 2.329545454545455252e-01
3.170650529500756321e+01 2.342220279720280685e-01
3.177004538577912029e+01 2.377582644628100095e-01
3.183358547655067738e+01 2.386363636363636465e-01
3.189712556732223803e+01 2.392045454545455030e-01
3.196066565809379512e+01 2.494318181818182545e-01
3.202420574886535576e+01 2.369318181818181879e-01
3.208774583963690930e+01 2.347402597402598046e-01
3.215128593040846994e+01 2.333806818181818343e-01
3.221482602118003058e+01 2.253496503496503767e-01
3.227836611195158412e+01 2.189839572192514572e-01
3.234190620272314476e+01 2.107954545454545636e-01
3.240544629349470540e+01 2.113636363636364202e-01
3.246898638426625894e+01 2.119318181818181657e-01
3.253252647503781958e+01 2.113636363636364202e-01
3.259606656580938022e+01 2.107954545454545636e-01
3.265960665658093376e+01 2.051136363636364424e-01
3.278668683812405504e+01 1.994318181818182101e-01
3.285022692889560858e+01 1.982954545454546080e-01
3.291376701966716922e+01 1.912433155080214275e-01
3.297730711043872986e+01 1.897727272727273151e-01
3.304084720121028340e+01 1.886363636363637131e-01
3.310438729198184404e+01 1.812500000000000222e-01
3.316792738275340469e+01 1.801136363636364202e-01
3.323146747352495822e+01 1.784090909090909616e-01
3.329500756429651886e+01 1.755681818181819009e-01
3.335854765506807951e+01 1.755681818181819009e-01
3.342208774583963304e+01 1.761363636363636465e-01
3.348562783661119369e+01 1.767045454545455030e-01
3.354916792738275433e+01 1.767045454545455030e-01
3.361270801815430787e+01 1.778409090909091050e-01
3.367624810892586851e+01 1.549465240641711983e-01
3.373978819969742915e+01 1.552447552447553392e-01
3.380332829046898269e+01 1.517045454545454808e-01
3.386686838124054333e+01 1.528409090909090828e-01
3.393040847201210397e+01 1.534090909090909394e-01
3.399394856278365751e+01 1.568181818181818565e-01
3.405748865355521815e+01 1.576203208556150592e-01
3.412102874432677879e+01 1.363636363636363535e-01
3.418456883509833233e+01 1.423295454545454586e-01
3.424810892586989297e+01 1.437500000000000444e-01
3.431164901664145361e+01 1.449810606060606410e-01
3.437518910741300715e+01 1.451048951048952151e-01
3.443872919818456779e+01 1.451048951048952151e-01
3.450226928895612843e+01 1.431818181818181879e-01
3.456580937972768197e+01 1.392045454545455252e-01
3.462934947049924261e+01 1.363636363636363535e-01
3.469288956127080326e+01 1.363636363636363535e-01
3.475642965204235679e+01 1.363636363636363535e-01
3.481996974281391743e+01 1.363636363636363535e-01
3.488350983358547097e+01 1.363636363636363535e-01
3.494704992435703161e+01 1.363636363636363535e-01
3.501059001512859226e+01 1.357954545454546080e-01
3.513767019667170644e+01 1.289772727272727737e-01
3.520121028744326708e+01 1.289772727272727737e-01
3.526475037821482061e+01 1.289772727272727737e-01
3.532829046898638126e+01 1.289772727272727737e-01
3.545537065052949544e+01 1.159090909090909616e-01
3.551891074130105608e+01 1.187500000000000222e-01
3.558245083207261672e+01 1.187500000000000222e-01
3.564599092284417026e+01 1.187500000000000222e-01
3.570953101361573090e+01 1.203409090909091095e-01
3.577307110438729154e+01 1.198863636363636243e-01
3.583661119515884508e+01 1.208333333333334592e-01
3.590015128593040572e+01 1.164772727272728181e-01
3.596369137670196636e+01 1.164772727272728181e-01
3.602723146747351990e+01 1.164772727272728181e-01
3.609077155824508054e+01 1.164772727272728181e-01
3.615431164901664118e+01 1.164772727272728181e-01
3.621785173978819472e+01 1.164772727272728181e-01
3.628139183055975536e+01 1.164772727272728181e-01
3.634493192133131600e+01 1.200000000000001066e-01
3.640847201210286954e+01 1.235389610389610038e-01
3.647201210287443018e+01 1.235389610389610038e-01
3.653555219364599083e+01 1.244318181818182545e-01
3.659909228441754436e+01 1.244318181818182545e-01
3.666263237518910501e+01 1.244318181818182545e-01
3.672617246596066565e+01 1.235389610389610038e-01
3.678971255673221918e+01 1.221590909090909394e-01
3.685325264750377983e+01 1.164772727272728181e-01
3.691679273827534047e+01 1.164772727272728181e-01
3.698033282904689401e+01 1.278409090909091717e-01
3.704387291981845465e+01 1.255681818181818565e-01
3.710741301059001529e+01 1.265495867768595684e-01
3.717095310136156883e+01 1.265495867768595684e-01
3.723449319213312947e+01 1.265495867768595684e-01
3.729803328290469011e+01 1.253787878787879784e-01
3.736157337367624365e+01 1.211363636363637086e-01
3.748865355521936493e+01 1.340909090909091494e-01
3.755219364599091847e+01 1.329545454545455474e-01
3.761573373676247911e+01 1.323863636363636909e-01
3.767927382753403975e+01 1.323863636363636909e-01
3.774281391830559329e+01 1.323863636363636909e-01
3.780635400907715393e+01 1.329545454545455474e-01
3.786989409984871457e+01 1.329545454545455474e-01
3.793343419062026811e+01 1.340909090909091494e-01
3.812405446293494293e+01 1.238636363636363980e-01
3.818759455370650358e+01 1.267045454545454586e-01
3.825113464447806422e+01 1.272727272727273151e-01
3.831467473524961775e+01 1.267045454545454586e-01
3.837821482602117840e+01 1.267045454545454586e-01
3.844175491679273904e+01 1.327651515151515582e-01
3.850529500756429258e+01 1.473484848484848397e-01
3.856883509833585322e+01 1.485795454545455474e-01
3.863237518910741386e+01 1.502705627705627212e-01
3.869591527987896740e+01 1.502705627705627212e-01
3.875945537065052804e+01 1.524912587412587950e-01
3.882299546142208868e+01 1.568181818181818565e-01
3.888653555219364222e+01 1.698863636363636687e-01
3.895007564296520286e+01 1.693181818181818121e-01
3.901361573373676350e+01 1.693181818181818121e-01
3.907715582450831704e+01 1.687500000000000666e-01
3.914069591527987768e+01 1.727272727272727293e-01
3.920423600605143832e+01 1.755681818181819009e-01
3.926777609682299186e+01 1.761363636363636465e-01
3.933131618759455250e+01 1.761363636363636465e-01
3.939485627836611314e+01 1.761363636363636465e-01
3.945839636913766668e+01 1.761363636363636465e-01
3.952193645990922732e+01 1.772727272727273595e-01
3.958547655068078086e+01 1.789772727272728181e-01
3.964901664145234150e+01 1.795454545454545636e-01
3.971255673222390215e+01 1.806818181818182767e-01
3.977609682299545568e+01 1.846590909090909394e-01
3.983963691376701632e+01 1.914772727272727737e-01
3.990317700453857697e+01 1.954545454545455474e-01
3.996671709531013050e+01 2.011363636363636687e-01
4.003025718608169115e+01 2.028409090909091272e-01
4.009379727685325179e+01 2.045454545454545858e-01
4.015733736762480532e+01 2.073863636363636465e-01
4.022087745839636597e+01 2.085227272727273595e-01
4.028441754916792661e+01 2.090909090909091050e-01
4.034795763993948015e+01 2.090909090909091050e-01
4.041149773071104079e+01 2.090909090909091050e-01
4.047503782148260143e+01 2.096590909090909616e-01
4.053857791225415497e+01 2.119318181818181657e-01
4.060211800302571561e+01 2.159090909090909394e-01
4.066565809379727625e+01 2.164772727272727959e-01
4.072919818456882979e+01 2.164772727272727959e-01
4.079273827534039043e+01 2.176136363636363980e-01
4.091981845688350461e+01 2.323863636363636687e-01
4.098335854765506525e+01 2.329545454545455252e-01
4.104689863842662589e+01 2.329545454545455252e-01
4.111043872919817943e+01 2.329545454545455252e-01
4.117397881996974007e+01 2.329545454545455252e-01
4.123751891074130072e+01 2.418019480519481013e-01
4.130105900151285425e+01 2.644886363636363980e-01
4.136459909228441489e+01 2.687500000000000444e-01
4.142813918305597554e+01 2.704545454545455030e-01
4.149167927382752907e+01 2.835227272727273151e-01
4.155521936459908972e+01 2.863636363636363757e-01
4.161875945537065036e+01 2.931818181818182101e-01
4.168229954614220389e+01 2.937500000000000666e-01
4.174583963691376454e+01 2.937500000000000666e-01
4.180937972768532518e+01 2.943181818181818121e-01
4.187291981845687872e+01 2.948863636363636687e-01
4.212708018154311418e+01 2.875000000000000888e-01
4.219062027231467482e+01 2.880681818181818343e-01
4.225416036308622836e+01 2.886363636363636909e-01
4.231770045385778900e+01 2.892045454545454364e-01
4.238124054462934964e+01 3.110465116279069742e-01
4.244478063540090318e+01 3.198863636363636909e-01
4.250832072617246382e+01 3.187499999999999778e-01
4.257186081694402446e+01 3.187499999999999778e-01
4.263540090771557800e+01 3.176136363636363757e-01
4.269894099848713864e+01 3.164772727272727737e-01
4.276248108925869928e+01 3.136363636363637131e-01
4.288956127080181346e+01 3.352272727272727071e-01
4.295310136157337411e+01 3.357954545454545636e-01
4.301664145234492764e+01 3.369318181818181657e-01
4.308018154311648829e+01 3.375000000000000222e-01
4.314372163388804893e+01 3.386363636363636243e-01
4.320726172465960246e+01 3.392045454545454808e-01
4.327080181543116311e+01 3.397727272727273373e-01
4.333434190620272375e+01 3.414772727272727959e-01
4.339788199697427729e+01 3.426136363636363980e-01
4.346142208774583793e+01 3.431818181818182545e-01
4.416036308623297657e+01 4.283279220779221408e-01
4.422390317700453721e+01 4.284090909090909616e-01
4.428744326777609075e+01 4.409090909090909172e-01
4.435098335854765139e+01 4.420454545454545192e-01
4.441452344931921203e+01 4.420454545454545192e-01
4.447806354009076557e+01 4.448863636363636909e-01
4.454160363086232621e+01 4.488636363636363535e-01
4.460514372163388686e+01 4.500000000000000666e-01
4.466868381240544039e+01 4.500000000000000666e-01
4.473222390317700103e+01 4.500000000000000666e-01
4.479576399394856168e+01 4.511363636363636687e-01
4.492284417549167586e+01 4.562500000000000444e-01
4.498638426626323650e+01 4.562500000000000444e-01
4.504992435703479003e+01 4.488636363636363535e-01
4.511346444780635068e+01 4.494318181818182101e-01
4.517700453857791132e+01 4.540209790209790430e-01
4.524054462934946486e+01 4.575868983957219749e-01
4.530408472012102550e+01 4.579545454545455030e-01
4.536762481089258614e+01 4.721590909090909172e-01
4.543116490166413968e+01 4.738636363636363757e-01
4.549470499243570032e+01 4.744318181818182323e-01
4.555824508320726096e+01 4.755681818181818343e-01
4.562178517397881450e+01 4.812500000000000666e-01
4.568532526475037514e+01 4.812500000000000666e-01
4.574886535552193578e+01 4.767045454545454364e-01
4.581240544629348932e+01 4.767045454545454364e-01
4.587594553706504996e+01 4.755681818181818343e-01
4.593948562783661060e+01 4.749999999999999778e-01
4.600302571860816414e+01 4.921519886363636687e-01
4.606656580937972478e+01 4.982954545454545414e-01
4.613010590015128543e+01 4.971590909090909394e-01
4.619364599092283896e+01 4.971590909090909394e-01
4.625718608169439960e+01 4.971590909090909394e-01
4.632072617246596025e+01 4.978583916083916261e-01
4.638426626323751378e+01 5.000000000000000000e-01
4.644780635400907443e+01 5.142045454545454142e-01
4.651134644478063507e+01 5.136363636363636687e-01
4.657488653555218860e+01 5.130681818181819231e-01
4.663842662632374925e+01 5.176136363636363313e-01
4.670196671709530989e+01 5.197860962566844822e-01
4.676550680786686343e+01 5.205882352941176849e-01
4.682904689863842407e+01 5.212809917355372136e-01
4.689258698940998471e+01 5.205808080808080884e-01
4.695612708018153825e+01 5.220454545454544792e-01
4.701966717095309889e+01 5.227272727272727071e-01
4.708320726172465953e+01 5.288636363636363136e-01
4.714674735249621307e+01 5.335227272727273151e-01
4.721028744326777371e+01 5.335227272727273151e-01
4.727382753403933435e+01 5.335227272727273151e-01
4.733736762481088789e+01 5.340909090909091717e-01
4.740090771558244853e+01 5.340909090909091717e-01
4.746444780635400917e+01 5.340909090909091717e-01
4.752798789712556271e+01 5.340909090909091717e-01
4.759152798789712335e+01 5.340909090909091717e-01
4.765506807866868400e+01 5.340909090909091717e-01
4.771860816944023753e+01 5.301136363636363980e-01
4.778214826021179817e+01 5.354797979797980556e-01
4.784568835098335882e+01 5.362500000000000044e-01
4.790922844175491235e+01 5.362500000000000044e-01
4.797276853252647300e+01 5.362500000000000044e-01
4.803630862329803364e+01 5.354797979797980556e-01
4.809984871406958717e+01 5.354797979797980556e-01
4.816338880484114782e+01 5.352272727272727737e-01
4.822692889561270846e+01 5.352272727272727737e-01
4.829046898638426200e+01 5.352272727272727737e-01
4.835400907715582264e+01 5.347402597402597380e-01
4.841754916792738328e+01 5.347402597402597380e-01
4.848108925869893682e+01 5.322727272727272307e-01
4.854462934947049746e+01 5.301136363636363980e-01
4.860816944024205810e+01 5.301136363636363980e-01
4.867170953101361164e+01 5.295454545454545414e-01
4.873524962178517228e+01 5.295454545454545414e-01
4.879878971255672582e+01 5.450757575757576578e-01
4.886232980332828646e+01 5.472727272727273551e-01
4.892586989409984710e+01 5.472727272727273551e-01
4.898940998487140064e+01 5.458333333333333925e-01
4.924357034795763610e+01 5.267045454545454808e-01
4.930711043872919674e+01 5.314049586776858902e-01
4.937065052950075028e+01 5.318181818181818565e-01
4.943419062027231092e+01 5.318181818181818565e-01
4.949773071104387157e+01 5.329545454545454586e-01
4.956127080181542510e+01 5.306301652892562171e-01
4.962481089258698574e+01 5.291838842975207235e-01
4.968835098335854639e+01 5.210227272727272485e-01
4.975189107413009992e+01 5.170454545454545858e-01
4.981543116490166057e+01 5.164772727272727293e-01
4.987897125567322121e+01 5.159090909090908728e-01
4.994251134644477474e+01 5.068181818181818343e-01
5.000605143721633539e+01 5.073863636363635798e-01
5.006959152798789603e+01 5.068181818181818343e-01
5.013313161875944957e+01 5.068181818181818343e-01
5.019667170953101021e+01 5.062500000000000888e-01
5.026021180030257085e+01 5.051136363636363757e-01
5.045083207261724567e+01 5.187500000000000444e-01
5.051437216338879921e+01 5.192148760330579371e-01
5.057791225416035985e+01 5.216507177033492537e-01
5.064145234493192049e+01 5.227272727272727071e-01
5.070499243570347403e+01 5.221590909090909616e-01
5.076853252647503467e+01 5.318181818181818565e-01
5.083207261724659531e+01 5.346590909090909172e-01
5.102269288956127014e+01 5.022727272727273151e-01
5.108623298033282367e+01 4.883658008658008365e-01
5.114977307110438431e+01 4.897727272727272485e-01
5.121331316187594496e+01 4.903409090909091050e-01
5.127685325264749849e+01 4.909090909090909616e-01
5.134039334341905914e+01 4.914772727272727071e-01
5.140393343419061978e+01 4.848011363636364202e-01
5.146747352496217331e+01 4.785984848484848841e-01
5.153101361573373396e+01 4.693181818181818565e-01
5.159455370650529460e+01 4.698863636363637131e-01
5.165809379727684814e+01 4.704545454545454586e-01
5.172163388804840878e+01 4.704545454545454586e-01
5.178517397881996942e+01 4.705578512396694224e-01
5.184871406959152296e+01 4.647727272727273373e-01
5.191225416036308360e+01 4.647727272727273373e-01
5.197579425113464424e+01 4.642045454545454808e-01
5.203933434190619778e+01 4.636363636363636243e-01
5.210287443267775842e+01 4.625000000000000222e-01
5.216641452344931906e+01 4.613636363636364202e-01
5.222995461422087260e+01 4.613636363636364202e-01
5.229349470499243324e+01 4.613636363636364202e-01
5.235703479576399388e+01 4.613636363636364202e-01
5.242057488653554742e+01 4.613636363636364202e-01
5.248411497730710806e+01 4.607954545454545636e-01
5.254765506807866871e+01 4.602272727272727071e-01
5.261119515885022224e+01 4.579545454545455030e-01
5.267473524962178288e+01 4.573863636363636465e-01
5.273827534039334353e+01 4.573863636363636465e-01
5.280181543116489706e+01 4.539772727272727293e-01
5.286535552193645771e+01 4.539772727272727293e-01
5.292889561270801835e+01 4.539772727272727293e-01
5.299243570347957188e+01 4.539772727272727293e-01
5.305597579425113253e+01 4.539772727272727293e-01
5.311951588502269317e+01 4.551136363636364424e-01
5.318305597579424671e+01 4.435064935064935154e-01
5.324659606656580735e+01 4.317234848484848841e-01
5.331013615733736799e+01 4.301136363636364202e-01
5.337367624810892153e+01 4.312500000000000222e-01
5.343721633888048217e+01 4.312500000000000222e-01
5.350075642965203571e+01 4.312500000000000222e-01
5.356429652042359635e+01 4.153409090909091494e-01
5.362783661119515699e+01 3.948863636363636465e-01
5.369137670196671053e+01 3.937500000000000444e-01
5.375491679273827117e+01 3.926136363636364424e-01
5.381845688350983181e+01 3.914772727272727293e-01
5.388199697428138535e+01 3.909090909090909838e-01
5.394553706505294599e+01 3.903409090909091272e-01
5.400907715582450663e+01 3.875000000000000666e-01
5.566111951588501938e+01 3.528409090909091494e-01
5.572465960665658002e+01 3.511363636363636909e-01
5.578819969742813356e+01 3.505681818181818343e-01
5.585173978819969420e+01 3.499999999999999778e-01
5.591527987897125485e+01 3.488636363636363757e-01
5.597881996974280838e+01 3.460227272727273151e-01
5.604236006051436902e+01 3.426136363636363980e-01
5.610590015128592967e+01 3.409090909090909394e-01
5.616944024205748320e+01 3.380681818181818787e-01
5.623298033282904385e+01 3.272727272727272707e-01
5.629652042360060449e+01 3.272727272727272707e-01
5.636006051437215802e+01 3.267045454545455252e-01
5.642360060514371867e+01 3.261363636363636687e-01
5.648714069591527931e+01 3.261363636363636687e-01
5.655068078668683285e+01 3.255681818181818121e-01
5.661422087745839349e+01 3.204545454545454364e-01
5.667776096822995413e+01 3.198863636363636909e-01
5.674130105900150767e+01 3.193181818181818343e-01
5.680484114977306831e+01 3.193181818181818343e-01
5.686838124054462895e+01 3.127622377622378824e-01
5.693192133131618249e+01 3.056818181818181657e-01
5.699546142208774313e+01 3.056818181818181657e-01
5.705900151285930377e+01 3.056818181818181657e-01
5.712254160363085731e+01 3.056818181818181657e-01
5.718608169440241795e+01 3.056818181818181657e-01
5.724962178517397859e+01 3.051136363636364202e-01
5.731316187594553213e+01 3.022727272727273595e-01
5.737670196671709277e+01 3.017045454545455030e-01
5.744024205748865342e+01 3.011363636363636465e-01
5.750378214826020695e+01 3.011363636363636465e-01
5.756732223903176759e+01 2.889204545454545636e-01
5.763086232980332824e+01 2.914772727272727515e-01
5.769440242057488177e+01 2.892045454545454364e-01
5.775794251134644242e+01 2.897727272727272929e-01
5.782148260211800306e+01 2.905303030303030276e-01
5.788502269288955659e+01 2.924242424242424754e-01
5.794856278366111724e+01 2.943181818181818121e-01
5.820272314674734560e+01 2.863636363636363757e-01
5.826626323751890624e+01 2.863636363636363757e-01
5.832980332829046688e+01 2.869318181818182323e-01
5.839334341906202042e+01 2.869318181818182323e-01
5.845688350983358106e+01 2.875000000000000888e-01
5.852042360060514170e+01 2.875000000000000888e-01
5.858396369137669524e+01 2.875000000000000888e-01
5.864750378214825588e+01 2.683238636363636243e-01
5.871104387291981652e+01 2.686983471074381180e-01
5.877458396369137006e+01 2.683238636363636243e-01
5.883812405446293070e+01 2.683712121212120660e-01
5.890166414523449134e+01 2.676136363636364424e-01
5.896520423600604488e+01 2.589285714285715079e-01
5.902874432677760552e+01 2.511363636363637131e-01
5.909228441754916616e+01 2.704545454545455030e-01
5.915582450832071970e+01 2.710227272727273595e-01
5.921936459909228034e+01 2.715909090909091050e-01
5.928290468986384099e+01 2.715909090909091050e-01
5.934644478063539452e+01 2.721590909090909616e-01
5.940998487140695516e+01 2.721590909090909616e-01
5.947352496217851581e+01 2.758522727272727515e-01
5.953706505295006934e+01 2.886363636363636909e-01
5.960060514372162999e+01 2.880681818181818343e-01
5.966414523449319063e+01 2.880681818181818343e-01
5.972768532526474416e+01 2.875000000000000888e-01
5.979122541603630481e+01 2.875000000000000888e-01
5.985476550680786545e+01 2.880681818181818343e-01
5.991830559757941899e+01 2.880681818181818343e-01
6.010892586989409381e+01 2.994318181818181879e-01
6.017246596066565445e+01 2.988636363636364424e-01
6.023600605143721509e+01 2.994318181818181879e-01
6.029954614220876863e+01 3.000000000000000444e-01
6.036308623298032927e+01 3.005681818181819009e-01
6.042662632375188991e+01 3.022727272727273595e-01
6.061724659606656473e+01 2.835227272727273151e-01
6.068078668683811827e+01 2.846590909090909172e-01
6.074432677760967891e+01 2.852272727272727737e-01
6.080786686838123956e+01 3.094318181818181968e-01
6.087140695915279309e+01 3.132905138339920903e-01
6.093494704992435373e+01 3.215909090909091494e-01
6.099848714069591438e+01 3.267045454545455252e-01
6.106202723146746791e+01 3.278409090909091272e-01
6.112556732223902856e+01 3.301136363636364424e-01
6.118910741301058920e+01 3.323863636363636465e-01
6.125264750378214273e+01 3.318181818181819009e-01
6.131618759455370338e+01 3.318181818181819009e-01
6.137972768532526402e+01 3.312500000000000444e-01
6.144326777609681756e+01 3.312500000000000444e-01
6.150680786686837820e+01 3.306818181818181879e-01
6.157034795763993884e+01 3.515422077922079058e-01
6.163388804841149238e+01 3.484740259740259916e-01
6.169742813918305302e+01 3.467857142857143637e-01
6.176096822995461366e+01 3.442234848484848619e-01
6.182450832072616720e+01 3.421085858585858341e-01
6.188804841149772784e+01 3.414935064935065157e-01
6.195158850226928848e+01 3.410454545454545405e-01
6.201512859304084202e+01 3.647727272727272485e-01
6.207866868381240266e+01 3.636363636363636465e-01
6.214220877458396330e+01 3.636363636363636465e-01
6.220574886535551684e+01 3.636363636363636465e-01
6.226928895612707748e+01 3.636363636363636465e-01
6.233282904689863813e+01 3.642045454545455030e-01
6.239636913767019166e+01 3.664772727272727071e-01
6.245990922844175230e+01 3.664772727272727071e-01
6.252344931921331295e+01 3.676136363636364202e-01
6.258698940998486648e+01 3.676136363636364202e-01
6.265052950075642713e+01 3.829545454545454364e-01
6.271406959152798777e+01 3.863636363636363535e-01
6.277760968229954130e+01 4.051136363636363980e-01
6.284114977307110195e+01 3.839015151515152713e-01
6.290468986384265548e+01 3.886363636363636687e-01
6.296822995461421613e+01 3.906565656565657019e-01
6.303177004538577677e+01 3.916666666666666075e-01
6.309531013615733031e+01 4.102272727272727737e-01
6.315885022692889095e+01 4.107954545454545192e-01
6.322239031770045159e+01 4.113636363636363757e-01
6.334947049924356577e+01 4.573863636363636465e-01
6.341301059001512641e+01 4.375000000000000000e-01
6.347655068078667995e+01 4.329545454545454808e-01
6.354009077155824059e+01 4.318181818181818787e-01
6.360363086232980123e+01 4.312500000000000222e-01
6.366717095310135477e+01 4.301136363636364202e-01
6.373071104387291541e+01 4.295454545454545636e-01
6.385779122541602959e+01 4.579545454545455030e-01
6.392133131618759023e+01 4.585227272727272485e-01
6.398487140695915087e+01 4.596590909090909616e-01
6.404841149773071152e+01 4.642045454545454808e-01
6.411195158850226505e+01 4.663461538461538547e-01
6.417549167927381859e+01 4.704545454545454586e-01
6.423903177004538634e+01 4.704545454545454586e-01
6.430257186081693987e+01 4.710227272727273151e-01
6.442965204236006116e+01 4.869318181818181879e-01
6.512859304084719270e+01 5.318181818181818565e-01
6.519213313161876044e+01 5.386363636363635798e-01
6.525567322239031398e+01 5.426136363636364646e-01
6.531921331316186752e+01 5.443181818181819231e-01
6.538275340393343527e+01 5.443181818181819231e-01
6.544629349470498880e+01 5.443181818181819231e-01
6.550983358547654234e+01 5.681818181818181213e-01
6.557337367624811009e+01 5.707262845849803146e-01
6.563691376701966362e+01 5.744318181818182101e-01
6.570045385779121716e+01 5.744318181818182101e-01
6.576399394856278491e+01 5.749999999999999556e-01
6.582753403933433844e+01 5.775898520084566945e-01
6.589107413010589198e+01 5.806818181818181879e-01
6.595461422087745973e+01 6.045454545454544970e-01
6.601815431164901327e+01 6.045454545454544970e-01
6.608169440242056680e+01 6.045454545454544970e-01
6.614523449319213455e+01 6.056818181818182101e-01
6.620877458396368809e+01 6.272727272727273151e-01
6.627231467473524162e+01 6.289772727272726627e-01
6.633585476550680937e+01 6.341942148760331133e-01
6.639939485627836291e+01 6.568181818181818565e-01
6.646293494704991645e+01 6.585227272727273151e-01
6.652647503782148419e+01 6.607954545454546302e-01
6.659001512859303773e+01 6.636363636363635798e-01
6.665355521936459127e+01 6.664772727272727515e-01
6.671709531013615901e+01 6.710227272727272707e-01
6.678063540090771255e+01 6.721590909090908728e-01
6.684417549167926609e+01 6.721590909090908728e-01
6.690771558245083384e+01 6.721590909090908728e-01
6.697125567322238737e+01 6.962121212121212821e-01
6.703479576399394091e+01 6.962412587412587506e-01
6.709833585476550866e+01 6.960227272727272929e-01
6.716187594553706219e+01 6.960227272727272929e-01
6.722541603630861573e+01 6.960227272727272929e-01
6.728895612708018348e+01 6.954545454545455474e-01
6.735249621785173701e+01 6.926136363636363757e-01
6.747957639939485830e+01 7.164772727272727959e-01
6.754311649016641184e+01 7.170454545454545414e-01
6.760665658093796537e+01 7.187500000000000000e-01
6.767019667170953312e+01 7.198863636363637131e-01
6.773373676248108666e+01 7.227272727272726627e-01
6.779727685325264019e+01 7.238636363636363757e-01
6.786081694402420794e+01 7.250000000000000888e-01
6.792435703479576148e+01 7.255681818181818343e-01
6.798789712556731502e+01 7.255681818181818343e-01
6.805143721633888276e+01 7.261363636363635798e-01
6.811497730711043630e+01 7.278409090909090384e-01
6.824205748865355758e+01 7.357954545454545858e-01
6.830559757942511112e+01 7.454545454545454808e-01
6.836913767019666466e+01 7.488636363636363980e-01
6.843267776096823241e+01 7.558396464646464086e-01
6.849621785173978594e+01 7.628458498023715784e-01
6.855975794251133948e+01 7.803030303030302761e-01
6.862329803328290723e+01 7.808441558441558961e-01
6.868683812405446076e+01 7.808948863636363535e-01
6.875037821482601430e+01 7.809343434343434254e-01
6.881391830559758205e+01 7.796791443850267234e-01
6.887745839636913558e+01 7.792355371900826499e-01
6.894099848714068912e+01 7.818181818181818565e-01
6.900453857791225687e+01 7.732954545454545636e-01
6.906807866868381041e+01 7.732954545454545636e-01
6.913161875945536394e+01 7.894886363636364202e-01
6.919515885022693169e+01 7.988636363636363313e-01
6.925869894099848523e+01 7.988636363636363313e-01
6.932223903177003876e+01 7.988636363636363313e-01
6.938577912254160651e+01 7.948051948051948479e-01
6.944931921331316005e+01 7.897727272727272929e-01
6.951285930408471359e+01 7.973140495867768740e-01
6.957639939485628133e+01 8.051136363636364202e-01
6.963993948562783487e+01 8.045454545454545636e-01
6.970347957639938841e+01 8.051136363636364202e-01
6.976701966717094194e+01 8.127622377622377714e-01
6.983055975794250969e+01 8.199675324675325117e-01
6.989409984871406323e+01 8.272727272727272707e-01
6.995763993948561676e+01 8.323863636363636465e-01
7.002118003025718451e+01 8.392045454545454808e-01
7.008472012102873805e+01 8.397727272727273373e-01
7.014826021180029159e+01 8.459090909090909438e-01
7.027534039334341287e+01 8.509469696969697017e-01
7.033888048411496641e+01 8.454545454545454586e-01
7.040242057488653415e+01 8.438131313131312927e-01
7.046596066565808769e+01 8.438131313131312927e-01
7.052950075642964123e+01 8.438131313131312927e-01
7.059304084720120898e+01 8.438131313131312927e-01
7.065658093797276251e+01 8.426136363636363980e-01
7.072012102874431605e+01 8.412878787878788067e-01
7.078366111951588380e+01 8.464285714285714191e-01
7.084720121028743733e+01 8.426948051948052187e-01
7.091074130105899087e+01 8.392045454545454808e-01
7.097428139183055862e+01 8.340909090909091050e-01
7.103782148260211216e+01 8.329545454545455030e-01
7.116490166414523344e+01 8.403409090909090828e-01
7.122844175491678698e+01 8.561688311688311348e-01
7.129198184568834051e+01 8.635653409090908728e-01
7.135552193645990826e+01 8.635653409090908728e-01
7.141906202723146180e+01 8.635653409090908728e-01
7.148260211800301533e+01 8.630681818181817899e-01
7.154614220877458308e+01 8.597727272727272441e-01
7.160968229954613662e+01 8.541666666666666297e-01
7.167322239031769016e+01 8.514772727272728048e-01
7.173676248108925790e+01 8.473011363636363535e-01
7.180030257186081144e+01 8.456439393939394478e-01
7.186384266263236498e+01 8.452651515151514694e-01
7.192738275340393272e+01 8.388888888888889062e-01
7.199092284417548626e+01 8.384740259740259827e-01
7.205446293494703980e+01 8.375000000000000222e-01
7.211800302571860755e+01 8.386363636363636243e-01
7.218154311649016108e+01 8.551136363636363535e-01
7.224508320726171462e+01 8.556818181818182101e-01
7.230862329803328237e+01 8.579545454545454142e-01
7.237216338880483590e+01 8.625000000000000444e-01
7.243570347957638944e+01 8.630681818181817899e-01
7.249924357034795719e+01 8.630681818181817899e-01
7.256278366111951073e+01 8.630681818181817899e-01
7.262632375189106426e+01 8.630681818181817899e-01
7.268986384266263201e+01 8.630681818181817899e-01
7.275340393343418555e+01 8.630681818181817899e-01
7.281694402420573908e+01 8.636363636363636465e-01
7.288048411497730683e+01 8.579545454545454142e-01
7.294402420574886037e+01 8.573863636363636687e-01
7.300756429652041390e+01 8.568181818181818121e-01
7.307110438729198165e+01 8.446969696969697239e-01
7.313464447806353519e+01 8.363636363636364202e-01
7.319818456883508873e+01 8.356060606060606855e-01
7.326172465960665647e+01 8.345095693779904789e-01
7.332526475037821001e+01 8.298484848484848353e-01
7.338880484114976355e+01 8.279720279720279574e-01
7.345234493192133129e+01 8.279829545454545636e-01
7.351588502269288483e+01 8.275000000000000133e-01
7.357942511346443837e+01 8.244318181818182101e-01
7.364296520423600612e+01 8.244318181818182101e-01
7.370650529500755965e+01 8.244318181818182101e-01
7.377004538577911319e+01 8.249999999999999556e-01
7.383358547655068094e+01 8.176136363636363757e-01
7.389712556732223447e+01 8.115384615384615419e-01
7.396066565809378801e+01 8.022727272727272485e-01
7.402420574886535576e+01 8.039141414141414144e-01
7.408774583963690930e+01 8.039141414141414144e-01
7.415128593040846283e+01 8.039141414141414144e-01
7.421482602118003058e+01 8.045454545454545636e-01
7.427836611195158412e+01 7.993181818181818166e-01
7.434190620272313765e+01 7.960227272727272707e-01
7.440544629349470540e+01 7.960227272727272707e-01
7.446898638426625894e+01 7.960227272727272707e-01
7.453252647503781247e+01 7.960227272727272707e-01
7.459606656580938022e+01 7.960227272727272707e-01
7.465960665658093376e+01 7.960227272727272707e-01
7.472314674735248730e+01 7.960227272727272707e-01
7.478668683812405504e+01 7.954545454545454142e-01
7.485022692889560858e+01 7.948863636363636687e-01
7.497730711043872986e+01 8.062500000000000222e-01
7.504084720121028340e+01 8.011363636363636465e-01
7.510438729198183694e+01 8.005681818181817899e-01
7.516792738275340469e+01 7.994318181818181879e-01
7.523146747352495822e+01 7.857954545454545192e-01
7.529500756429651176e+01 7.818181818181818565e-01
7.535854765506807951e+01 7.758207070707070496e-01
7.542208774583963304e+01 7.568181818181818343e-01
7.548562783661118658e+01 7.556818181818182323e-01
7.554916792738275433e+01 7.551136363636363757e-01
7.561270801815430787e+01 7.545454545454545192e-01
7.567624810892586140e+01 7.391414141414140992e-01
7.573978819969742915e+01 7.432334710743802031e-01
7.580332829046898269e+01 7.426136363636364202e-01
7.586686838124053622e+01 7.431818181818181657e-01
7.593040847201210397e+01 7.443181818181818787e-01
7.599394856278365751e+01 7.448863636363636243e-01
7.605748865355521104e+01 7.416838842975206347e-01
7.612102874432677879e+01 7.261363636363635798e-01
7.618456883509833233e+01 7.261363636363635798e-01
7.624810892586988587e+01 7.267045454545455474e-01
7.631164901664145361e+01 7.267045454545455474e-01
7.637518910741300715e+01 7.215198863636363980e-01
7.643872919818456069e+01 7.164772727272727959e-01
7.650226928895612843e+01 7.159090909090909394e-01
7.656580937972768197e+01 7.147727272727273373e-01
7.662934947049923551e+01 7.142045454545454808e-01
7.669288956127080326e+01 7.055681818181818166e-01
7.675642965204235679e+01 7.013636363636364113e-01
7.681996974281391033e+01 7.005681818181818121e-01
7.688350983358547808e+01 6.999999999999999556e-01
7.694704992435703161e+01 7.005681818181818121e-01
7.701059001512858515e+01 7.012700534759358506e-01
7.707413010590015290e+01 7.048553719008263663e-01
7.713767019667170644e+01 7.062500000000000444e-01
7.720121028744325997e+01 6.954545454545455474e-01
7.726475037821482772e+01 6.954545454545455474e-01
7.732829046898638126e+01 6.954545454545455474e-01
7.739183055975793479e+01 6.948863636363635798e-01
7.745537065052950254e+01 6.922077922077922718e-01
7.751891074130105608e+01 6.916193181818182101e-01
7.758245083207260961e+01 6.846590909090909394e-01
7.764599092284417736e+01 6.840909090909090828e-01
7.770953101361573090e+01 6.840909090909090828e-01
7.783661119515885218e+01 6.585227272727273151e-01
7.790015128593040572e+01 6.607954545454546302e-01
7.796369137670195926e+01 6.607954545454546302e-01
7.802723146747352700e+01 6.613636363636363757e-01
7.809077155824508054e+01 6.613636363636363757e-01
7.815431164901663408e+01 6.615259740259740173e-01
7.821785173978820183e+01 6.524147727272726627e-01
7.828139183055975536e+01 6.346590909090910060e-01
7.834493192133130890e+01 6.346590909090910060e-01
7.840847201210287665e+01 6.346590909090910060e-01
7.847201210287443018e+01 6.340909090909090384e-01
7.853555219364598372e+01 6.289772727272726627e-01
7.859909228441755147e+01 6.250000000000000000e-01
7.866263237518910501e+01 6.244318181818182545e-01
7.872617246596065854e+01 6.238636363636363980e-01
7.878971255673222629e+01 6.232954545454545414e-01
7.885325264750377983e+01 6.227272727272727959e-01
7.891679273827533336e+01 6.178977272727272929e-01
7.898033282904690111e+01 6.130681818181817899e-01
7.904387291981845465e+01 6.147727272727272485e-01
7.910741301059000818e+01 6.147727272727272485e-01
7.917095310136156172e+01 6.147727272727272485e-01
7.923449319213312947e+01 6.147727272727272485e-01
7.929803328290468301e+01 5.922949002217294812e-01
7.936157337367623654e+01 5.880681818181818787e-01
7.942511346444780429e+01 5.880681818181818787e-01
7.948865355521935783e+01 5.884740259740259827e-01
7.955219364599091136e+01 5.899147727272727737e-01
7.961573373676247911e+01 5.917711598746081547e-01
7.967927382753403265e+01 5.932765151515151381e-01
7.974281391830558618e+01 5.710227272727272929e-01
7.980635400907715393e+01 5.710227272727272929e-01
7.986989409984870747e+01 5.710227272727272929e-01
7.993343419062026101e+01 5.704545454545455474e-01
7.999697428139182875e+01 5.681818181818181213e-01
8.139485627836610604e+01 5.460227272727272707e-01
8.145839636913765958e+01 5.392045454545455474e-01
8.152193645990922732e+01 5.392045454545455474e-01
8.158547655068078086e+01 5.380681818181818343e-01
8.164901664145233440e+01 5.380681818181818343e-01
8.171255673222390215e+01 5.386363636363635798e-01
8.177609682299545568e+01 5.397727272727272929e-01
8.183963691376700922e+01 5.397727272727272929e-01
8.190317700453857697e+01 5.397727272727272929e-01
8.196671709531013050e+01 5.397727272727272929e-01
8.203025718608168404e+01 5.392045454545455474e-01
8.209379727685325179e+01 5.332954545454545725e-01
8.215733736762480532e+01 5.318181818181818565e-01
8.222087745839635886e+01 5.318181818181818565e-01
8.228441754916792661e+01 5.314049586776858902e-01
8.234795763993948015e+01 5.238636363636364202e-01
8.241149773071103368e+01 5.238636363636364202e-01
8.247503782148260143e+01 5.204545454545455030e-01
8.253857791225415497e+01 5.181818181818181879e-01
8.260211800302570850e+01 5.181818181818181879e-01
8.266565809379727625e+01 5.181818181818181879e-01
8.272919818456882979e+01 5.181818181818181879e-01
8.279273827534038332e+01 5.181818181818181879e-01
8.285627836611195107e+01 5.181818181818181879e-01
8.291981845688350461e+01 5.181818181818181879e-01
8.298335854765505815e+01 5.181818181818181879e-01
8.304689863842662589e+01 5.181818181818181879e-01
8.311043872919817943e+01 5.181818181818181879e-01
8.317397881996973297e+01 5.181818181818181879e-01
8.323751891074130072e+01 5.181818181818181879e-01
8.330105900151285425e+01 5.187500000000000444e-01
8.336459909228440779e+01 5.187500000000000444e-01
8.342813918305597554e+01 5.187500000000000444e-01
8.349167927382752907e+01 5.181818181818181879e-01
8.355521936459908261e+01 5.181818181818181879e-01
8.361875945537065036e+01 5.365358126721763155e-01
8.368229954614220389e+01 5.426136363636364646e-01
8.374583963691375743e+01 5.437499999999999556e-01
8.380937972768532518e+01 5.494318181818181879e-01
8.387291981845687872e+01 5.517045454545455030e-01
8.393645990922843225e+01 5.534090909090909616e-01
8.400000000000000000e+01 5.568181818181818787e-01
8.406354009077155354e+01 5.602272727272727959e-01
8.419062027231467482e+01 5.659090909090909172e-01
8.425416036308622836e+01 5.653409090909091717e-01
8.431770045385778189e+01 5.659090909090909172e-01
8.438124054462934964e+01 5.659090909090909172e-01
8.444478063540090318e+01 5.664772727272727737e-01
8.450832072617245672e+01 5.670454545454546302e-01
8.457186081694402446e+01 5.676136363636363757e-01
8.463540090771557800e+01 5.715909090909090384e-01
8.469894099848713154e+01 5.715909090909090384e-01
8.476248108925869928e+01 5.715909090909090384e-01
8.482602118003025282e+01 5.715909090909090384e-01
8.488956127080180636e+01 5.721590909090910060e-01
8.495310136157337411e+01 5.721590909090910060e-01
8.501664145234492764e+01 5.727272727272727515e-01
8.508018154311648118e+01 5.732954545454544970e-01
8.514372163388804893e+01 5.732954545454544970e-01
8.520726172465960246e+01 5.738636363636364646e-01
8.527080181543115600e+01 5.687500000000000888e-01
8.533434190620272375e+01 5.693181818181818343e-01
8.539788199697427729e+01 5.749999999999999556e-01
8.546142208774583082e+01 5.687500000000000888e-01
8.552496217851739857e+01 5.681818181818181213e-01
8.558850226928895211e+01 5.681818181818181213e-01
8.616036308623297657e+01 6.280681818181818032e-01
8.622390317700453011e+01 6.275568181818181879e-01
8.628744326777609785e+01 6.306818181818181213e-01
8.635098335854765139e+01 6.267045454545454586e-01
8.641452344931920493e+01 6.272727272727273151e-01
8.647806354009077268e+01 6.272727272727273151e-01
8.654160363086232621e+01 6.386363636363636687e-01
8.660514372163387975e+01 6.462121212121212377e-01
8.666868381240544750e+01 6.414772727272727293e-01
8.673222390317700103e+01 6.414772727272727293e-01
8.679576399394855457e+01 6.448863636363636465e-01
8.685930408472012232e+01 6.454545454545455030e-01
8.692284417549167586e+01 6.568181818181818565e-01
8.698638426626322939e+01 6.568181818181818565e-01
8.704992435703479714e+01 6.573863636363637131e-01
8.711346444780635068e+01 6.573863636363637131e-01
8.717700453857790421e+01 6.579545454545454586e-01
8.724054462934947196e+01 6.579545454545454586e-01
8.730408472012102550e+01 6.585227272727273151e-01
8.736762481089257903e+01 6.590909090909091717e-01
8.743116490166414678e+01 6.596590909090909172e-01
8.749470499243570032e+01 6.619318181818181213e-01
8.755824508320725386e+01 6.840909090909090828e-01
8.762178517397882160e+01 6.852272727272727959e-01
8.768532526475037514e+01 6.903409090909091717e-01
8.774886535552192868e+01 7.073863636363636465e-01
8.781240544629349642e+01 7.090909090909091050e-01
8.787594553706504996e+01 7.096590909090909616e-01
8.793948562783660350e+01 7.107954545454545636e-01
8.800302571860817125e+01 7.244949494949495250e-01
8.806656580937972478e+01 7.261363636363635798e-01
8.813010590015127832e+01 7.250000000000000888e-01
8.819364599092284607e+01 7.244318181818181213e-01
8.825718608169439960e+01 7.244318181818181213e-01
8.832072617246595314e+01 7.258741258741259195e-01
8.838426626323750668e+01 7.471590909090909394e-01
8.844780635400907443e+01 7.454545454545454808e-01
8.851134644478062796e+01 7.454545454545454808e-01
8.857488653555218150e+01 7.454545454545454808e-01
8.863842662632374925e+01 7.454545454545454808e-01
8.870196671709530278e+01 7.460227272727273373e-01
8.876550680786685632e+01 7.471590909090909394e-01
8.882904689863842407e+01 7.494318181818182545e-01
8.889258698940997760e+01 7.500000000000000000e-01
8.895612708018153114e+01 7.505681818181818565e-01
8.901966717095309889e+01 7.642045454545454142e-01
8.908320726172465243e+01 7.653409090909091272e-01
8.914674735249620596e+01 7.681818181818181879e-01
8.921028744326777371e+01 7.710743801652892859e-01
8.927382753403932725e+01 7.725378787878788289e-01
8.933736762481088078e+01 7.795454545454545414e-01
8.940090771558244853e+01 7.830578512396694224e-01
8.946444780635400207e+01 7.874999999999999778e-01
8.952798789712555561e+01 7.880681818181818343e-01
8.959152798789712335e+01 7.907467532467532534e-01
8.965506807866867689e+01 7.917613636363636243e-01
8.971860816944023043e+01 7.924242424242424754e-01
8.978214826021179817e+01 7.935606060606060774e-01
8.984568835098335171e+01 7.982954545454545858e-01
8.990922844175490525e+01 7.982954545454545858e-01
8.997276853252647300e+01 7.982954545454545858e-01
9.003630862329802653e+01 7.948863636363636687e-01
9.009984871406958007e+01 8.378787878787878896e-01
9.016338880484114782e+01 8.297979797979797567e-01
9.022692889561270135e+01 8.282097288676235625e-01
9.029046898638425489e+01 8.272727272727272707e-01
9.035400907715582264e+01 8.267045454545454142e-01
9.041754916792737617e+01 8.246753246753246724e-01
9.048108925869892971e+01 8.284090909090908728e-01
9.054462934947049746e+01 8.609848484848484640e-01
9.060816944024205100e+01 8.670454545454545636e-01
9.067170953101360453e+01 8.648601398601398760e-01
9.073524962178517228e+01 8.635606060606060286e-01
9.079878971255672582e+01 8.631392045454545636e-01
9.086232980332827935e+01 8.653409090909091050e-01
9.092586989409984710e+01 8.722402597402597602e-01
9.098940998487140064e+01 8.755681818181818565e-01
9.105295007564295418e+01 8.750000000000000000e-01
9.111649016641452192e+01 8.755681818181818565e-01
9.118003025718607546e+01 8.761363636363636020e-01
9.124357034795762900e+01 8.795454545454545192e-01
9.130711043872919674e+01 8.846590909090908950e-01
9.137065052950075028e+01 8.852272727272727515e-01
9.143419062027230382e+01 8.863636363636363535e-01
9.149773071104387157e+01 8.863636363636363535e-01
9.156127080181542510e+01 8.910714285714285143e-01
9.162481089258697864e+01 8.955357142857143238e-01
9.168835098335854639e+01 8.971590909090909616e-01
9.175189107413009992e+01 8.970041322314049603e-01
9.181543116490165346e+01 8.967045454545454763e-01
9.187897125567322121e+01 8.951704545454545192e-01
9.194251134644477474e+01 8.941558441558441483e-01
9.200605143721632828e+01 8.960227272727272485e-01
9.206959152798789603e+01 9.005681818181818787e-01
9.213313161875944957e+01 9.000000000000000222e-01
9.219667170953100310e+01 9.000000000000000222e-01
9.226021180030257085e+01 9.000000000000000222e-01
9.232375189107412439e+01 9.005681818181818787e-01
9.238729198184567792e+01 9.028409090909090828e-01
9.245083207261724567e+01 9.039772727272726849e-01
9.251437216338879921e+01 9.045454545454545414e-01
9.257791225416035275e+01 9.051136363636363980e-01
9.264145234493192049e+01 9.062500000000000000e-01
9.270499243570347403e+01 9.068181818181818565e-01
9.276853252647502757e+01 9.068181818181818565e-01
9.283207261724659531e+01 9.068181818181818565e-01
9.289561270801814885e+01 9.068181818181818565e-01
9.295915279878970239e+01 9.068181818181818565e-01
9.302269288956127014e+01 9.073863636363636020e-01
9.308623298033282367e+01 9.073863636363636020e-01
9.314977307110437721e+01 9.079545454545454586e-01
9.321331316187594496e+01 9.073863636363636020e-01
9.334039334341905203e+01 9.153409090909090384e-01
9.340393343419061978e+01 8.975852272727272707e-01
9.346747352496217331e+01 8.976756198347107807e-01
9.353101361573372685e+01 8.986363636363636775e-01
9.359455370650529460e+01 8.977272727272727071e-01
9.365809379727684814e+01 8.960227272727272485e-01
9.372163388804840167e+01 9.025974025974026205e-01
9.378517397881996942e+01 9.092105263157894690e-01
9.384871406959152296e+01 9.261363636363636465e-01
9.391225416036307649e+01 9.267045454545455030e-01
9.397579425113464424e+01 9.278409090909091050e-01
9.403933434190619778e+01 9.289772727272727071e-01
9.410287443267775132e+01 9.340909090909090828e-01
9.416641452344931906e+01 9.340909090909090828e-01
9.422995461422087260e+01 9.340909090909090828e-01
9.429349470499242614e+01 9.346590909090909394e-01
9.435703479576399388e+01 9.346590909090909394e-01
9.442057488653554742e+01 9.346590909090909394e-01
9.448411497730710096e+01 9.352272727272726849e-01
9.454765506807866871e+01 9.352272727272726849e-01
9.461119515885022224e+01 9.352272727272726849e-01
9.467473524962177578e+01 9.352272727272726849e-01
9.473827534039334353e+01 9.352272727272726849e-01
9.480181543116489706e+01 9.352272727272726849e-01
9.486535552193645060e+01 9.346590909090909394e-01
9.492889561270801835e+01 9.232954545454545858e-01
9.499243570347957188e+01 9.193181818181818121e-01
9.505597579425112542e+01 9.176136363636363535e-01
9.511951588502269317e+01 9.164772727272727515e-01
9.518305597579424671e+01 9.134297520661156522e-01
9.524659606656580024e+01 9.136363636363635798e-01
9.531013615733736799e+01 8.789772727272727737e-01
9.537367624810892153e+01 8.863636363636363535e-01
9.543721633888047506e+01 8.897727272727272707e-01
9.550075642965204281e+01 8.897727272727272707e-01
9.556429652042359635e+01 8.892045454545454142e-01
9.562783661119514989e+01 8.892045454545454142e-01
9.569137670196671763e+01 8.897727272727272707e-01
9.575491679273827117e+01 8.897727272727272707e-01
9.581845688350982471e+01 8.897727272727272707e-01
9.588199697428139245e+01 8.897727272727272707e-01
9.594553706505294599e+01 8.903409090909091272e-01
9.600907715582449953e+01 8.909090909090908728e-01
9.619969742813917435e+01 9.028409090909090828e-01
9.626323751891074210e+01 9.005681818181818787e-01
9.632677760968229563e+01 9.011363636363636243e-01
9.639031770045384917e+01 9.017045454545454808e-01
9.651739788199697045e+01 8.664772727272727071e-01
9.658093797276852399e+01 8.670454545454545636e-01
9.664447806354009174e+01 8.676136363636364202e-01
9.670801815431164528e+01 8.732954545454545414e-01
9.677155824508319881e+01 8.755681818181818565e-01
9.683509833585476656e+01 8.778409090909090606e-01
9.689863842662632010e+01 8.845454545454545237e-01
9.696217851739787363e+01 8.886363636363636687e-01
9.702571860816944138e+01 8.655303030303029832e-01
9.708925869894099492e+01 8.672727272727273062e-01
9.715279878971254846e+01 8.740319865319865489e-01
9.721633888048411620e+01 8.762272727272727435e-01
9.727987897125566974e+01 8.801136363636363757e-01
9.734341906202722328e+01 8.801136363636363757e-01
9.740695915279879102e+01 8.886363636363636687e-01
9.753403933434189810e+01 8.642045454545455030e-01
9.759757942511345163e+01 8.636363636363636465e-01
9.766111951588501938e+01 8.554924242424242209e-01
9.772465960665657292e+01 8.469405594405594595e-01
9.778819969742812646e+01 8.397727272727273373e-01
9.785173978819969420e+01 8.392045454545454808e-01
9.791527987897124774e+01 8.380681818181818787e-01
9.797881996974280128e+01 8.340909090909091050e-01
9.804236006051436902e+01 8.306818181818181879e-01
9.810590015128592256e+01 8.289772727272727293e-01
9.816944024205747610e+01 8.278409090909091272e-01
9.823298033282904385e+01 8.267045454545454142e-01
9.829652042360059738e+01 8.255681818181818121e-01
9.836006051437215092e+01 8.244318181818182101e-01
9.842360060514371867e+01 8.227272727272727515e-01
9.848714069591527220e+01 8.232954545454544970e-01
9.855068078668682574e+01 8.232954545454544970e-01
9.861422087745839349e+01 8.232954545454544970e-01
9.867776096822994703e+01 8.238636363636363535e-01
9.874130105900150056e+01 8.238636363636363535e-01
9.880484114977306831e+01 8.052785923753665864e-01
9.886838124054462185e+01 8.060261707988980451e-01
9.893192133131617538e+01 8.073863636363636243e-01
9.899546142208774313e+01 8.073863636363636243e-01
9.905900151285929667e+01 8.073863636363636243e-01
9.912254160363085020e+01 8.062039312039311900e-01
9.918608169440241795e+01 8.045163170163169841e-01
9.924962178517397149e+01 7.829545454545454586e-01
9.931316187594552503e+01 7.835227272727273151e-01
9.937670196671709277e+01 7.835227272727273151e-01
9.944024205748864631e+01 7.840909090909090606e-01
9.950378214826019985e+01 7.846590909090909172e-01
9.956732223903176759e+01 7.846590909090909172e-01
9.963086232980332113e+01 7.818181818181818565e-01
9.969440242057487467e+01 7.806818181818182545e-01
9.975794251134644242e+01 7.795454545454545414e-01
9.982148260211799595e+01 7.738636363636364202e-01
9.988502269288954949e+01 7.687500000000000444e-01
9.994856278366111724e+01 7.684782608695652772e-01
1.000121028744326708e+02 7.590909090909090384e-01
1.000756429652042243e+02 7.562499999999999778e-01
1.001391830559757921e+02 7.556818181818182323e-01
1.003298033282904669e+02 7.522727272727273151e-01
1.003933434190620204e+02 7.482954545454545414e-01
1.004568835098335740e+02 7.482954545454545414e-01
1.005204236006051417e+02 7.477272727272727959e-01
1.005839636913766952e+02 7.477272727272727959e-01
1.006475037821482488e+02 7.477272727272727959e-01
1.007745839636913701e+02 7.352272727272727293e-01
1.008381240544629236e+02 7.346590909090908728e-01
1.009016641452344913e+02 7.340909090909091272e-01
1.009652042360060449e+02 7.340909090909091272e-01
1.010287443267775984e+02 7.340909090909091272e-01
1.010922844175491662e+02 7.289772727272727515e-01
1.011558245083207197e+02 7.278409090909090384e-01
1.012193645990922732e+02 7.272727272727272929e-01
1.012829046898638410e+02 7.267045454545455474e-01
1.013464447806353945e+02 7.092857142857142971e-01
1.014099848714069481e+02 7.045454545454545858e-01
1.014735249621785158e+02 7.034090909090908728e-01
1.015370650529500693e+02 7.050802139037433136e-01
1.016006051437216229e+02 7.005681818181818121e-01
1.016641452344931906e+02 6.982954545454544970e-01
1.017276853252647442e+02 6.926136363636363757e-01
1.017912254160362977e+02 6.812500000000000222e-01
1.018547655068078654e+02 6.789772727272727071e-01
1.019183055975794190e+02 6.767045454545455030e-01
1.019818456883509725e+02 6.686602870813397326e-01
1.020453857791225403e+02 6.681818181818182101e-01
1.021089258698940938e+02 6.676136363636363535e-01
1.023630862329803222e+02 6.522727272727273373e-01
1.024266263237518899e+02 6.511363636363636243e-01
1.024901664145234434e+02 6.511363636363636243e-01
1.025537065052949970e+02 6.511363636363636243e-01
1.026172465960665647e+02 6.505681818181818787e-01
1.026807866868381183e+02 6.488636363636364202e-01
1.027443267776096718e+02 6.482954545454545636e-01
1.028078668683812396e+02 6.477272727272727071e-01
1.028714069591527931e+02 6.477272727272727071e-01
1.029349470499243466e+02 6.477272727272727071e-01
1.029984871406959144e+02 6.488636363636364202e-01
1.030620272314674679e+02 6.500000000000000222e-01
1.031255673222390215e+02 6.373106060606060774e-01
1.031891074130105892e+02 6.375598086124401043e-01
1.032526475037821427e+02 6.411931818181818565e-01
1.033161875945536963e+02 6.397727272727272707e-01
1.033797276853252640e+02 6.443181818181817899e-01
1.034432677760968176e+02 6.448863636363636465e-01
1.035068078668683711e+02 6.448863636363636465e-01
1.035703479576399388e+02 6.409090909090908728e-01
1.036338880484114924e+02 6.403409090909091272e-01
1.036974281391830459e+02 6.403409090909091272e-01
1.037609682299546137e+02 6.397727272727272707e-01
1.038245083207261672e+02 6.397727272727272707e-01
1.038880484114977207e+02 6.392045454545454142e-01
1.039515885022692885e+02 6.392045454545454142e-01
1.056671709531013619e+02 6.039772727272727515e-01
1.057307110438729154e+02 6.034090909090910060e-01
1.057942511346444689e+02 6.034090909090910060e-01
1.058577912254160367e+02 6.034090909090910060e-01
1.059213313161875902e+02 6.034090909090910060e-01
1.059848714069591438e+02 6.034090909090910060e-01
1.060484114977307115e+02 6.034090909090910060e-01
1.061119515885022651e+02 6.034090909090910060e-01
1.061754916792738186e+02 6.039772727272727515e-01
1.062390317700453863e+02 6.039772727272727515e-01
1.063025718608169399e+02 6.045454545454544970e-01
1.063661119515884934e+02 6.045454545454544970e-01
1.064296520423600612e+02 6.017857142857143682e-01
1.064931921331316147e+02 6.017857142857143682e-01
1.065567322239031682e+02 6.045454545454544970e-01
1.066202723146747360e+02 6.039772727272727515e-01
1.066838124054462895e+02 6.039772727272727515e-01
1.067473524962178431e+02 6.039772727272727515e-01
1.068108925869894108e+02 6.045454545454544970e-01
1.068744326777609643e+02 6.051136363636364646e-01
1.069379727685325179e+02 6.056818181818182101e-01
1.070015128593040714e+02 6.062499999999999556e-01
1.071921331316187462e+02 6.068181818181818121e-01
1.072556732223903140e+02 6.079545454545454142e-01
1.073192133131618675e+02 6.161713286713286220e-01
1.073827534039334211e+02 6.174641148325359374e-01
1.074462934947049888e+02 6.205856643356644220e-01
1.075098335854765423e+02 6.217532467532467244e-01
1.075733736762480959e+02 6.243371212121212599e-01
1.076369137670196636e+02 6.340909090909090384e-01
1.077004538577912172e+02 6.335227272727272929e-01
1.077639939485627707e+02 6.323863636363635798e-01
1.078275340393343384e+02 6.323863636363635798e-01
1.078910741301058920e+02 6.323863636363635798e-01
1.099878971255673150e+02 7.159090909090909394e-01
1.100514372163388686e+02 7.159090909090909394e-01
1.101149773071104363e+02 7.159090909090909394e-01
1.101785173978819898e+02 7.159090909090909394e-01
1.102420574886535434e+02 7.164772727272727959e-01
1.103055975794251111e+02 7.170454545454545414e-01
1.103691376701966647e+02 7.204545454545454586e-01
1.104326777609682182e+02 7.215909090909091717e-01
1.104962178517397859e+02 7.215909090909091717e-01
1.105597579425113395e+02 7.215909090909091717e-01
1.106232980332828930e+02 7.215909090909091717e-01
1.106868381240544608e+02 7.221590909090909172e-01
1.107503782148260143e+02 7.221590909090909172e-01
1.108139183055975678e+02 7.227272727272726627e-01
1.108774583963691356e+02 7.227272727272726627e-01
1.109409984871406891e+02 7.227272727272726627e-01
1.110045385779122427e+02 7.232954545454546302e-01
1.110680786686838104e+02 7.227272727272726627e-01
1.111316187594553639e+02 7.505681818181818565e-01
1.111951588502269175e+02 7.500000000000000000e-01
1.112586989409984852e+02 7.494318181818182545e-01
1.113222390317700388e+02 7.488636363636363980e-01
1.113857791225415923e+02 7.482954545454545414e-01
1.114493192133131600e+02 7.612499999999999822e-01
1.115128593040847136e+02 7.886363636363635798e-01
1.115763993948562671e+02 7.937499999999999556e-01
1.116399394856278349e+02 7.937499999999999556e-01
1.117034795763993884e+02 7.937499999999999556e-01
1.117670196671709419e+02 7.931818181818182101e-01
1.118305597579425097e+02 7.930023923444976530e-01
1.118940998487140632e+02 8.119318181818182545e-01
1.119576399394856168e+02 8.107954545454545414e-01
1.120211800302571845e+02 8.096590909090909394e-01
1.120847201210287380e+02 8.090909090909090828e-01
1.121482602118002916e+02 8.205578512396694002e-01
1.122118003025718593e+02 8.212500000000000355e-01
1.122753403933434129e+02 8.244318181818182101e-01
1.123388804841149664e+02 8.238636363636363535e-01
1.124024205748865342e+02 8.232954545454544970e-01
1.124659606656580877e+02 8.242045454545454675e-01
1.125295007564296412e+02 8.247159090909090828e-01
1.125930408472012090e+02 8.232954545454544970e-01
1.126565809379727625e+02 8.220959595959596022e-01
1.127201210287443160e+02 8.217045454545455208e-01
1.127836611195158838e+02 8.207644628099173278e-01
1.128472012102874373e+02 8.207644628099173278e-01
1.129107413010589909e+02 8.198863636363635798e-01
1.129742813918305586e+02 8.218750000000000222e-01
1.130378214826021122e+02 8.261363636363636687e-01
1.131013615733736657e+02 8.210227272727272929e-01
1.131649016641452334e+02 8.210227272727272929e-01
1.132284417549167870e+02 8.215909090909090384e-01
1.132919818456883405e+02 8.287337662337662669e-01
1.133555219364599083e+02 8.375000000000000222e-01
1.134190620272314618e+02 8.380681818181818787e-01
1.134826021180030153e+02 8.329545454545455030e-01
1.135461422087745831e+02 8.272727272727272707e-01
1.136096822995461366e+02 8.278409090909091272e-01
1.136732223903176902e+02 8.284090909090908728e-01
1.137367624810892579e+02 8.289772727272727293e-01
1.138003025718608114e+02 8.289772727272727293e-01
1.138638426626323650e+02 8.323863636363636465e-01
1.139273827534039327e+02 8.380681818181818787e-01
1.139909228441754863e+02 8.431818181818182545e-01
1.140544629349470398e+02 8.458181818181818024e-01
1.141180030257186075e+02 8.495941558441558739e-01
1.141815431164901611e+02 8.579545454545454142e-01
1.142450832072617146e+02 8.590909090909091272e-01
1.143086232980332824e+02 8.613636363636363313e-01
1.143721633888048359e+02 8.651859504132231038e-01
1.144357034795763894e+02 8.659090909090909616e-01
1.144992435703479572e+02 8.664772727272727071e-01
1.145627836611195107e+02 8.670454545454545636e-01
1.146263237518910643e+02 8.670454545454545636e-01
1.146898638426626320e+02 8.728146853146853124e-01
1.147534039334341855e+02 8.741258741258741694e-01
1.148169440242057391e+02 8.823863636363635798e-01
1.148804841149773068e+02 8.823863636363635798e-01
1.149440242057488604e+02 8.823863636363635798e-01
1.150075642965204139e+02 8.823863636363635798e-01
1.150711043872919817e+02 8.823863636363635798e-01
1.151346444780635352e+02 8.818181818181818343e-01
1.151981845688350887e+02 8.812499999999999778e-01
1.152617246596066565e+02 8.795454545454545192e-01
1.153252647503782100e+02 8.789772727272727737e-01
1.153888048411497635e+02 8.854545454545454941e-01
1.154523449319213313e+02 8.874999999999999556e-01
1.155158850226928848e+02 8.866883116883117477e-01
1.155794251134644384e+02 8.866883116883117477e-01
1.156429652042360061e+02 8.857954545454544970e-01
1.157065052950075597e+02 8.857954545454544970e-01
1.157700453857791132e+02 8.857954545454544970e-01
1.158335854765506809e+02 8.870454545454545814e-01
1.158971255673222345e+02 8.892045454545454142e-01
1.159606656580937880e+02 8.897727272727272707e-01
1.160242057488653558e+02 8.903409090909091272e-01
1.162148260211800164e+02 8.960227272727272485e-01
1.162783661119515841e+02 8.954545454545455030e-01
1.163419062027231377e+02 8.954545454545455030e-01
1.164054462934946912e+02 8.960227272727272485e-01
1.164689863842662589e+02 8.960227272727272485e-01
1.165325264750378125e+02 8.960227272727272485e-01
1.165960665658093660e+02 8.960227272727272485e-01
1.166596066565809338e+02 8.960227272727272485e-01
1.167231467473524873e+02 8.960227272727272485e-01
1.167866868381240408e+02 8.960227272727272485e-01
1.168502269288956086e+02 8.960227272727272485e-01
1.169137670196671621e+02 8.960227272727272485e-01
1.169773071104387157e+02 8.960227272727272485e-01
1.170408472012102834e+02 8.960227272727272485e-01
1.171043872919818369e+02 8.960227272727272485e-01
1.171679273827533905e+02 8.960227272727272485e-01
1.172314674735249582e+02 8.960227272727272485e-01
1.173585476550680653e+02 8.784090909090909172e-01
1.174220877458396330e+02 8.784090909090909172e-01
1.174856278366111866e+02 8.778409090909090606e-01
1.175491679273827401e+02 8.755681818181818565e-01
1.176127080181543079e+02 8.750000000000000000e-01
1.176762481089258614e+02 8.750000000000000000e-01
1.177397881996974149e+02 8.772727272727273151e-01
1.178033282904689827e+02 8.784090909090909172e-01
1.178668683812405362e+02 8.784090909090909172e-01
1.179939485627836575e+02 8.886363636363636687e-01
1.180574886535552110e+02 8.886363636363636687e-01
1.181210287443267646e+02 8.886363636363636687e-01
1.181845688350983323e+02 8.886363636363636687e-01
1.182481089258698859e+02 8.892045454545454142e-01
1.183116490166414394e+02 8.892045454545454142e-01
1.183751891074130072e+02 8.892045454545454142e-01
1.184387291981845607e+02 8.892045454545454142e-01
1.185022692889561142e+02 8.892045454545454142e-01
1.185658093797276820e+02 8.892045454545454142e-01
1.186293494704992355e+02 8.897727272727272707e-01
1.186928895612707890e+02 8.897727272727272707e-01
1.187564296520423568e+02 8.892045454545454142e-01
1.188199697428139103e+02 8.886363636363636687e-01
1.188835098335854639e+02 8.886363636363636687e-01
1.189470499243570316e+02 8.886363636363636687e-01
1.190105900151285852e+02 8.880681818181818121e-01
1.190741301059001387e+02 8.812499999999999778e-01
1.191376701966717064e+02 8.744318181818182545e-01
1.192012102874432600e+02 8.744318181818182545e-01
1.192647503782148135e+02 8.744318181818182545e-01
1.193282904689863813e+02 8.744318181818182545e-01
1.193918305597579348e+02 8.750000000000000000e-01
1.194553706505294883e+02 8.715909090909090828e-01
1.195189107413010561e+02 8.704545454545454808e-01
1.195824508320726096e+02 8.704545454545454808e-01
1.196459909228441632e+02 8.704545454545454808e-01
1.197095310136157309e+02 8.704545454545454808e-01
1.197730711043872844e+02 8.698863636363636243e-01
1.198366111951588380e+02 8.647727272727272485e-01
1.199001512859304057e+02 8.607954545454545858e-01
1.199636913767019593e+02 8.589772727272727559e-01
1.200272314674735128e+02 8.568181818181818121e-01
1.200907715582450805e+02 8.556818181818182101e-01
1.201543116490166341e+02 8.534090909090908950e-01
1.202178517397881876e+02 8.454545454545454586e-01
1.202813918305597554e+02 8.437500000000000000e-01
1.203449319213313089e+02 8.426136363636363980e-01
1.204084720121028624e+02 8.426136363636363980e-01
1.204720121028744302e+02 8.420454545454545414e-01
1.205355521936459837e+02 8.414772727272727959e-01
1.205990922844175373e+02 8.420454545454545414e-01
1.206626323751891050e+02 8.420454545454545414e-01
1.207261724659606585e+02 8.395833333333333481e-01
1.207897125567322121e+02 8.357954545454545636e-01
1.208532526475037798e+02 8.318850267379679364e-01
1.209167927382753334e+02 8.318850267379679364e-01
1.209803328290468869e+02 8.309659090909090606e-01
1.210438729198184546e+02 8.308333333333333126e-01
1.211074130105900082e+02 8.298295454545454586e-01
1.211709531013615617e+02 8.329545454545455030e-01
1.212344931921331295e+02 8.443181818181818565e-01
1.212980332829046830e+02 8.414772727272727959e-01
1.213615733736762365e+02 8.363636363636364202e-01
1.214251134644478043e+02 8.352272727272727071e-01
1.214886535552193578e+02 8.340909090909091050e-01
1.215521936459909114e+02 8.335227272727272485e-01
1.216157337367624791e+02 8.133720930232558599e-01
1.216792738275340326e+02 8.034090909090909616e-01
1.217428139183055862e+02 8.052899686520376132e-01
1.218063540090771539e+02 8.081912878787879118e-01
1.218698940998487075e+02 8.090909090909090828e-01
1.219334341906202610e+02 8.102272727272727959e-01
1.219969742813918288e+02 8.125000000000000000e-01
1.221240544629349358e+02 7.931818181818182101e-01
1.221875945537065036e+02 7.931818181818182101e-01
1.222511346444780571e+02 7.827651515151514694e-01
1.223146747352496106e+02 7.753615702479339511e-01
1.223782148260211784e+02 7.746753246753246280e-01
1.224417549167927319e+02 7.744318181818181657e-01
1.225052950075642855e+02 7.744318181818181657e-01
1.225688350983358532e+02 7.742224880382775343e-01
1.226323751891074068e+02 7.749188311688312014e-01
1.226959152798789603e+02 7.722402597402597824e-01
1.227594553706505280e+02 7.636363636363636687e-01
1.228229954614220816e+02 7.636363636363636687e-01
1.228865355521936351e+02 7.636363636363636687e-01
1.229500756429652029e+02 7.636363636363636687e-01
1.230136157337367564e+02 7.636363636363636687e-01
1.230771558245083099e+02 7.647727272727272707e-01
1.231406959152798777e+02 7.653409090909091272e-01
1.232042360060514312e+02 7.653409090909091272e-01
1.232677760968229848e+02 7.653409090909091272e-01
1.233313161875945525e+02 7.659090909090908728e-01
1.233948562783661060e+02 7.551136363636363757e-01
1.234583963691376596e+02 7.540019762845849849e-01
1.235219364599092273e+02 7.545454545454545192e-01
1.235854765506807809e+02 7.534090909090909172e-01
1.236490166414523344e+02 7.528409090909091717e-01
1.237125567322239021e+02 7.515909090909090873e-01
1.237760968229954557e+02 7.388456937799043889e-01
1.238396369137670092e+02 7.261363636363635798e-01
1.239031770045385770e+02 7.255681818181818343e-01
1.239667170953101305e+02 7.267857142857143682e-01
1.240302571860816840e+02 7.270833333333333037e-01
1.240937972768532518e+02 7.280303030303030276e-01
1.241573373676248053e+02 7.176136363636363980e-01
1.242208774583963589e+02 7.181818181818182545e-01
1.242844175491679266e+02 7.181818181818182545e-01
1.243479576399394801e+02 7.181818181818182545e-01
1.244114977307110337e+02 7.181818181818182545e-01
1.244750378214826014e+02 7.228896103896104153e-01
1.245385779122541550e+02 7.181818181818182545e-01
1.246021180030257085e+02 7.181818181818182545e-01
1.246656580937972763e+02 7.193181818181818565e-01
1.247291981845688298e+02 7.198863636363637131e-01
1.247927382753403833e+02 7.221590909090909172e-01
1.248562783661119511e+02 7.140151515151516026e-01
1.249198184568835046e+02 7.127272727272726538e-01
1.249833585476550581e+02 7.126420454545454586e-01
1.250468986384266259e+02 7.108471074380164900e-01
1.251104387291981794e+02 7.112762237762237927e-01
1.251739788199697330e+02 7.102272727272727071e-01
1.252375189107413007e+02 7.090151515151514872e-01
1.253010590015128543e+02 7.005681818181818121e-01
1.253645990922844078e+02 7.005681818181818121e-01
1.254281391830559755e+02 7.017045454545454142e-01
1.254916792738275291e+02 7.017045454545454142e-01
1.255552193645990826e+02 6.984848484848484862e-01
1.256187594553706361e+02 6.971590909090910060e-01
1.256822995461422039e+02 6.931818181818181213e-01
1.257458396369137574e+02 6.937500000000000888e-01
1.258093797276853110e+02 6.937500000000000888e-01
1.258729198184568787e+02 6.937500000000000888e-01
1.259364599092284323e+02 6.903409090909091717e-01
1.259999999999999858e+02 6.905303030303030498e-01
1.260635400907715535e+02 6.916666666666666519e-01
1.261270801815431071e+02 6.923295454545455030e-01
1.261906202723146606e+02 6.948863636363635798e-01
1.262541603630862284e+02 6.812500000000000222e-01
1.263177004538577819e+02 6.791838842975206347e-01
1.263812405446293354e+02 6.790584415584415279e-01
1.264447806354009032e+02 6.790584415584415279e-01
1.265083207261724567e+02 6.789772727272727071e-01
1.265718608169440103e+02 6.789473684210526327e-01
1.266354009077155780e+02 6.789772727272727071e-01
1.266989409984871315e+02 6.792613636363635798e-01
1.267624810892586851e+02 6.886363636363637131e-01
1.268260211800302528e+02 6.897727272727273151e-01
1.268895612708018064e+02 6.892045454545454586e-01
1.269531013615733599e+02 6.892045454545454586e-01
1.270166414523449276e+02 6.892045454545454586e-01
1.270801815431164812e+02 6.923295454545455030e-01
1.271437216338880347e+02 6.960227272727272929e-01
1.272072617246596025e+02 6.960227272727272929e-01
1.272708018154311560e+02 6.960227272727272929e-01
1.273343419062027095e+02 6.965909090909090384e-01
1.273978819969742773e+02 6.965909090909090384e-01
1.274614220877458308e+02 6.965909090909090384e-01
1.303207261724659531e+02 6.522727272727273373e-01
1.303842662632375209e+02 6.534090909090909394e-01
1.304478063540090602e+02 6.539772727272727959e-01
1.305113464447806280e+02 6.539772727272727959e-01
1.305748865355521957e+02 6.545454545454545414e-01
1.306384266263237350e+02 6.551136363636363980e-01
1.307019667170953028e+02 6.551136363636363980e-01
1.331164901664145077e+02 7.471590909090909394e-01
1.331800302571860755e+02 7.482954545454545414e-01
1.332435703479576432e+02 7.505681818181818565e-01
1.333071104387291825e+02 7.517045454545454586e-01
1.333706505295007503e+02 7.522727272727273151e-01
1.334341906202723180e+02 7.573863636363635798e-01
1.336248108925869928e+02 7.518181818181818299e-01
1.336883509833585322e+02 7.538352272727273373e-01
1.337518910741300999e+02 7.535123966942148810e-01
1.338154311649016677e+02 7.535123966942148810e-01
1.338789712556732070e+02 7.535123966942148810e-01
1.339425113464447747e+02 7.542929292929292373e-01
1.340060514372163425e+02 7.596590909090908950e-01
1.340695915279878818e+02 7.602272727272727515e-01
1.341331316187594496e+02 7.613636363636363535e-01
1.342602118003025566e+02 7.659090909090908728e-01
1.343237518910741244e+02 7.664772727272727293e-01
1.343872919818456921e+02 7.664772727272727293e-01
1.344508320726172315e+02 7.670454545454545858e-01
1.345143721633887992e+02 7.681818181818181879e-01
1.345779122541603670e+02 7.784090909090909394e-01
1.346414523449319063e+02 7.772727272727273373e-01
1.347049924357034740e+02 7.772727272727273373e-01
1.347685325264750418e+02 7.772727272727273373e-01
1.348320726172465811e+02 7.778409090909090828e-01
1.348956127080181489e+02 7.778409090909090828e-01
1.352768532526474985e+02 7.818181818181818565e-01
1.353403933434190662e+02 7.971291866028707984e-01
1.354039334341906056e+02 7.988636363636363313e-01
1.354674735249621733e+02 7.994318181818181879e-01
1.355310136157337411e+02 7.954545454545454142e-01
1.357216338880484159e+02 8.238636363636363535e-01
1.357851739788199552e+02 8.112603305785124341e-01
1.358487140695915230e+02 8.057692307692307931e-01
1.359122541603630907e+02 8.004261363636363535e-01
1.359757942511346300e+02 7.992424242424243097e-01
1.360393343419061978e+02 7.983253588516746602e-01
1.361028744326777655e+02 8.039772727272727071e-01
1.361664145234493049e+02 8.238636363636363535e-01
1.362299546142208726e+02 8.153409090909090606e-01
1.362934947049924403e+02 8.140151515151514694e-01
1.363570347957639797e+02 8.130681818181818565e-01
1.364205748865355474e+02 8.130681818181818565e-01
1.364841149773071152e+02 8.175324675324675550e-01
1.365476550680786545e+02 8.238636363636363535e-01
1.366111951588502222e+02 8.244318181818182101e-01
1.366747352496217900e+02 8.187499999999999778e-01
1.367382753403933293e+02 8.164772727272727737e-01
1.368653555219364648e+02 8.261363636363636687e-01
1.369288956127080041e+02 8.261363636363636687e-01
1.369924357034795719e+02 8.261363636363636687e-01
1.370559757942511396e+02 8.272727272727272707e-01
1.371195158850226790e+02 8.284090909090908728e-01
1.371830559757942467e+02 8.301136363636363313e-01
1.372465960665658145e+02 8.378409090909091361e-01
1.373101361573373538e+02 8.426136363636363980e-01
1.373736762481089215e+02 8.446678321678322554e-01
1.374372163388804893e+02 8.471925133689839349e-01
1.375007564296520286e+02 8.481459330143541475e-01
1.375642965204235963e+02 8.465909090909090606e-01
1.376913767019667034e+02 8.522727272727272929e-01
1.377549167927382712e+02 8.505681818181818343e-01
1.378184568835098389e+02 8.499999999999999778e-01
1.378819969742813782e+02 8.494318181818181213e-01
1.379455370650529460e+02 8.499999999999999778e-01
1.380090771558245137e+02 8.505681818181818343e-01
1.380726172465960531e+02 8.511363636363635798e-01
1.381361573373676208e+02 8.511363636363635798e-01
1.381996974281391886e+02 8.517045454545454364e-01
1.382632375189107279e+02 8.517045454545454364e-01
1.383267776096822956e+02 8.517045454545454364e-01
1.383903177004538634e+02 8.522727272727272929e-01
1.385809379727685382e+02 8.659090909090909616e-01
1.386444780635400775e+02 8.653409090909091050e-01
1.387080181543116453e+02 8.659090909090909616e-01
1.387715582450832130e+02 8.670454545454545636e-01
1.388350983358547523e+02 8.687500000000000222e-01
1.388986384266263201e+02 8.755681818181818565e-01
1.389621785173978878e+02 8.767045454545454586e-01
1.390257186081694272e+02 8.772727272727273151e-01
1.390892586989409949e+02 8.778409090909090606e-01
1.391527987897125627e+02 8.522727272727272929e-01
1.392163388804841020e+02 8.528409090909090384e-01
1.392798789712556697e+02 8.750000000000000000e-01
1.393434190620272375e+02 8.727272727272727959e-01
1.394069591527987768e+02 8.750000000000000000e-01
1.394704992435703446e+02 8.750000000000000000e-01
1.395340393343418839e+02 8.750000000000000000e-01
1.395975794251134516e+02 8.791193181818182101e-01
1.396611195158850194e+02 8.791193181818182101e-01
1.397246596066565587e+02 8.823863636363635798e-01
1.400423600605143690e+02 8.477272727272727737e-01
1.405506807866868257e+02 8.596590909090908728e-01
1.406142208774583935e+02 8.602272727272727293e-01
1.406777609682299328e+02 8.607954545454545858e-01
1.407413010590015006e+02 8.607954545454545858e-01
1.408048411497730683e+02 8.607954545454545858e-01
1.408683812405446076e+02 8.602272727272727293e-01
1.409319213313161754e+02 8.602272727272727293e-01
1.409954614220877431e+02 8.590909090909091272e-01
1.411225416036308502e+02 8.676136363636364202e-01
1.411860816944024180e+02 8.693181818181818787e-01
1.412496217851739573e+02 8.693181818181818787e-01
1.413131618759455250e+02 8.708333333333333481e-01
1.413767019667170928e+02 8.715909090909090828e-01
1.414402420574886321e+02 8.623863636363636731e-01
1.415037821482601998e+02 8.519437799043062531e-01
1.415673222390317676e+02 8.380681818181818787e-01
1.416308623298033069e+02 8.410402097902097696e-01
1.416944024205748747e+02 8.422805642633228729e-01
1.417579425113464424e+02 8.426136363636363980e-01
1.418214826021179817e+02 8.446797520661156744e-01
1.418850226928895495e+02 8.333333333333333703e-01
1.419485627836611172e+02 8.284090909090908728e-01
1.420121028744326566e+02 8.284090909090908728e-01
1.420756429652042243e+02 8.284090909090908728e-01
1.421391830559757921e+02 8.284090909090908728e-01
1.422027231467473314e+02 8.284090909090908728e-01
1.422662632375188991e+02 8.284090909090908728e-01
1.423298033282904669e+02 8.278409090909091272e-01
1.423933434190620062e+02 8.278409090909091272e-01
1.424568835098335740e+02 8.272727272727272707e-01
1.426475037821482488e+02 8.431818181818182545e-01
1.427110438729198165e+02 8.426136363636363980e-01
1.427745839636913558e+02 8.420454545454545414e-01
1.428381240544629236e+02 8.420454545454545414e-01
1.429016641452344913e+02 8.414772727272727959e-01
1.429652042360060307e+02 8.420454545454545414e-01
1.432829046898638410e+02 8.232954545454544970e-01
1.433464447806353803e+02 8.227272727272727515e-01
1.434099848714069481e+02 8.232954545454544970e-01
1.434735249621785158e+02 8.236570247933884259e-01
1.435370650529500551e+02 8.243801652892561727e-01
1.436006051437216229e+02 8.235389610389610704e-01
1.436641452344931906e+02 8.203349282296650280e-01
1.437276853252647300e+02 8.102272727272727959e-01
1.437912254160362977e+02 8.102272727272727959e-01
1.438547655068078654e+02 8.102272727272727959e-01
1.439183055975794048e+02 8.102272727272727959e-01
1.439818456883509725e+02 8.102272727272727959e-01
1.440453857791225403e+02 8.085227272727273373e-01
1.441089258698940796e+02 8.068181818181818787e-01
1.441724659606656473e+02 8.056818181818181657e-01
1.442360060514372151e+02 8.006493506493506107e-01
1.442995461422087544e+02 7.892199017199017508e-01
1.443630862329803222e+02 7.870842572062084486e-01
1.444266263237518899e+02 7.850609756097560732e-01
1.444901664145234292e+02 7.642045454545454142e-01
1.445537065052949970e+02 7.647727272727272707e-01
1.446172465960665647e+02 7.653409090909091272e-01
1.446807866868381041e+02 7.670454545454545858e-01
1.447443267776096718e+02 7.611363636363637220e-01
1.448078668683812396e+02 7.619318181818182101e-01
1.448714069591527789e+02 7.619318181818182101e-01
1.449349470499243466e+02 7.627272727272726982e-01
1.449984871406959144e+02 7.642045454545454142e-01
1.450620272314674537e+02 7.670454545454545858e-01
1.451255673222390215e+02 7.670454545454545858e-01
1.451891074130105892e+02 7.676136363636363313e-01
1.452526475037821285e+02 7.681818181818181879e-01
1.453797276853252640e+02 7.874999999999999778e-01
1.454432677760968033e+02 7.742045454545454231e-01
1.455068078668683711e+02 7.730888429752066360e-01
1.455703479576399388e+02 7.732954545454545636e-01
1.456338880484114782e+02 7.741071428571428825e-01
1.456974281391830459e+02 7.698232323232323537e-01
1.457609682299546137e+02 7.624999999999999556e-01
1.458245083207261530e+02 7.543560606060606410e-01
1.458880484114977207e+02 7.547077922077922718e-01
1.459515885022692885e+02 7.551136363636363757e-01
1.460151285930408278e+02 7.551136363636363757e-01
1.460786686838123956e+02 7.551136363636363757e-01
1.461422087745839633e+02 7.532467532467532756e-01
1.462057488653555026e+02 7.521306818181818787e-01
1.462692889561270704e+02 7.448863636363636243e-01
1.463328290468986381e+02 7.454545454545454808e-01
1.463963691376701775e+02 7.454545454545454808e-01
1.464599092284417452e+02 7.465909090909090828e-01
1.465234493192133129e+02 7.417929292929292817e-01
1.465869894099848523e+02 7.380681818181817899e-01
1.466505295007564200e+02 7.386363636363636465e-01
1.467140695915279878e+02 7.386363636363636465e-01
1.467776096822995271e+02 7.392045454545455030e-01
1.468411497730710948e+02 7.403409090909091050e-01
1.469046898638426626e+02 7.200513196480938793e-01
1.469682299546142019e+02 7.170454545454545414e-01
1.470317700453857697e+02 7.170454545454545414e-01
1.470953101361573374e+02 7.181818181818182545e-01
1.471588502269288767e+02 7.181818181818182545e-01
1.472223903177004445e+02 7.204545454545454586e-01
1.472859304084720122e+02 7.159090909090909394e-01
1.473494704992435516e+02 6.988636363636363535e-01
1.474130105900151193e+02 6.999999999999999556e-01
1.474765506807866871e+02 6.999999999999999556e-01
1.475400907715582264e+02 7.005681818181818121e-01
1.476036308623297941e+02 7.011363636363636687e-01
1.476671709531013619e+02 6.995454545454545814e-01
1.477307110438729012e+02 7.017045454545454142e-01
1.477942511346444689e+02 7.022727272727272707e-01
1.478577912254160367e+02 7.028409090909091272e-01
1.480484114977307115e+02 7.147727272727273373e-01
1.481119515885022508e+02 7.090909090909091050e-01
1.481754916792738186e+02 7.079545454545455030e-01
1.482390317700453863e+02 7.079545454545455030e-01
1.483025718608169257e+02 7.073863636363636465e-01
1.483661119515884934e+02 7.073863636363636465e-01
1.484296520423600612e+02 7.159090909090909394e-01
1.486202723146747360e+02 6.897727272727273151e-01
1.486838124054462753e+02 6.869318181818182545e-01
1.487473524962178431e+02 6.863636363636363980e-01
1.488108925869894108e+02 6.869318181818182545e-01
1.488744326777609501e+02 6.869318181818182545e-01
1.489379727685325179e+02 6.869318181818182545e-01
1.490015128593040856e+02 6.869318181818182545e-01
1.490650529500756249e+02 6.875000000000000000e-01
1.491285930408471927e+02 6.875000000000000000e-01
1.491921331316187604e+02 6.852272727272727959e-01
1.492556732223902998e+02 6.840909090909090828e-01
1.493192133131618675e+02 6.835227272727273373e-01
1.493827534039334353e+02 6.818181818181818787e-01
1.494462934947049746e+02 6.806818181818181657e-01
1.495098335854765423e+02 6.801136363636364202e-01
1.523691376701966647e+02 6.511363636363636243e-01
1.524326777609682324e+02 6.511363636363636243e-01
1.524962178517397717e+02 6.511363636363636243e-01
1.533857791225416065e+02 6.642045454545455474e-01
1.534493192133131458e+02 6.607954545454546302e-01
1.535128593040847136e+02 6.613636363636363757e-01
1.535763993948562813e+02 6.613636363636363757e-01
1.536399394856278207e+02 6.625000000000000888e-01
1.537034795763993884e+02 6.642045454545455474e-01
1.537670196671709562e+02 6.647727272727272929e-01
1.538305597579424955e+02 6.651136363636364068e-01
1.552284417549167870e+02 6.710227272727272707e-01
1.552919818456883547e+02 6.710227272727272707e-01
1.573888048411497778e+02 7.352272727272727293e-01
1.574523449319213171e+02 7.357954545454545858e-01
1.575158850226928848e+02 7.357954545454545858e-01
1.575794251134644526e+02 7.357954545454545858e-01
1.576429652042359919e+02 7.363636363636363313e-01
1.577065052950075597e+02 7.426136363636364202e-01
1.577700453857791274e+02 7.431818181818181657e-01
1.578335854765506667e+02 7.539772727272727737e-01
1.578971255673222345e+02 7.545454545454545192e-01
1.579606656580938022e+02 7.551136363636363757e-01
1.580242057488653415e+02 7.551136363636363757e-01
1.591679273827533905e+02 7.613636363636363535e-01
1.592314674735249582e+02 7.607954545454544970e-01
1.592950075642964975e+02 7.619318181818182101e-01
1.593585476550680653e+02 7.624999999999999556e-01
1.594220877458396330e+02 7.636363636363636687e-01
1.594856278366111724e+02 7.642045454545454142e-01
1.595491679273827401e+02 7.629545454545454408e-01
1.596762481089258472e+02 7.624999999999999556e-01
1.597397881996974149e+02 7.624999999999999556e-01
1.598033282904689827e+02 7.630681818181818121e-01
1.598668683812405220e+02 7.636363636363636687e-01
1.599304084720120898e+02 7.636363636363636687e-01
1.599939485627836575e+02 7.636363636363636687e-01
1.600574886535551968e+02 7.642045454545454142e-01
1.601210287443267646e+02 7.659090909090908728e-01
1.601845688350983323e+02 7.670454545454545858e-01
1.602481089258698717e+02 7.676136363636363313e-01
1.603116490166414394e+02 7.787878787878788067e-01
1.603751891074130072e+02 7.797727272727272840e-01
1.604387291981845465e+02 7.793181818181817988e-01
1.605022692889561142e+02 7.795454545454545414e-01
1.605658093797276820e+02 7.802272727272727693e-01
1.606293494704992213e+02 7.793181818181817988e-01
1.606928895612707890e+02 7.802083333333333925e-01
1.607564296520423568e+02 7.994318181818181879e-01
1.608199697428138961e+02 7.988636363636363313e-01
1.608835098335854639e+02 7.988636363636363313e-01
1.609470499243570316e+02 7.982954545454545858e-01
1.610105900151285709e+02 7.982954545454545858e-01
1.610741301059001387e+02 7.982954545454545858e-01
1.611376701966717064e+02 7.988636363636363313e-01
1.612012102874432458e+02 7.988636363636363313e-01
1.612647503782148135e+02 7.994318181818181879e-01
1.613282904689863813e+02 8.000000000000000444e-01
1.617730711043872702e+02 8.062500000000000222e-01
1.618366111951588380e+02 7.983766233766234066e-01
1.619001512859304057e+02 8.008522727272727737e-01
1.619636913767019450e+02 7.999188311688312236e-01
1.620272314674735128e+02 7.995989304812833876e-01
1.620907715582450805e+02 8.003787878787879118e-01
1.621543116490166199e+02 8.044421487603305998e-01
1.622178517397881876e+02 8.181818181818181213e-01
1.623449319213312947e+02 8.017045454545455030e-01
1.624084720121028624e+02 8.022727272727272485e-01
1.624720121028744302e+02 8.017045454545455030e-01
1.625355521936459695e+02 8.022727272727272485e-01
1.625990922844175373e+02 8.022727272727272485e-01
1.626626323751891050e+02 8.022727272727272485e-01
1.627261724659606443e+02 8.028409090909091050e-01
1.627897125567322121e+02 8.028409090909091050e-01
1.628532526475037798e+02 8.034090909090909616e-01
1.629167927382753192e+02 8.028409090909091050e-01
1.629803328290468869e+02 8.017045454545455030e-01
1.631074130105899940e+02 7.960227272727272707e-01
1.631709531013615617e+02 7.965909090909091272e-01
1.632344931921331295e+02 7.960227272727272707e-01
1.632980332829046688e+02 7.965909090909091272e-01
1.633615733736762365e+02 7.965909090909091272e-01
1.634251134644478043e+02 7.971590909090908728e-01
1.634886535552193436e+02 7.977272727272727293e-01
1.635521936459909114e+02 7.982954545454545858e-01
1.638698940998486933e+02 8.244318181818182101e-01
1.639334341906202610e+02 8.220779220779220742e-01
1.639969742813918288e+02 8.178977272727272485e-01
1.640605143721633681e+02 8.178977272727272485e-01
1.641240544629349358e+02 8.170454545454545192e-01
1.641875945537065036e+02 8.164772727272727737e-01
1.642511346444780429e+02 8.164772727272727737e-01
1.643146747352496106e+02 8.155844155844156340e-01
1.643782148260211784e+02 8.173701298701299134e-01
1.644417549167927177e+02 8.187499999999999778e-01
1.645052950075642855e+02 8.244318181818182101e-01
1.645688350983358532e+02 8.145833333333333259e-01
1.646323751891073925e+02 8.062500000000000222e-01
1.646959152798789603e+02 8.059440559440559371e-01
1.647594553706505280e+02 8.062500000000000222e-01
1.648229954614220674e+02 8.067148760330578039e-01
1.648865355521936351e+02 8.073863636363636243e-01
1.649500756429652029e+02 8.114898989898989834e-01
1.650136157337367422e+02 8.249999999999999556e-01
1.650771558245083099e+02 7.988636363636363313e-01
1.651406959152798777e+02 7.977272727272727293e-01
1.652042360060514170e+02 7.977272727272727293e-01
1.652677760968229848e+02 7.977272727272727293e-01
1.653313161875945525e+02 7.943181818181818121e-01
1.653948562783660918e+02 7.937499999999999556e-01
1.654583963691376596e+02 7.926948051948052854e-01
1.655219364599092273e+02 7.874999999999999778e-01
1.655854765506807666e+02 7.880681818181818343e-01
1.656490166414523344e+02 7.874999999999999778e-01
1.657125567322239021e+02 7.874999999999999778e-01
1.657760968229954415e+02 7.869318181818182323e-01
1.658396369137670092e+02 7.869318181818182323e-01
1.659031770045385770e+02 7.863636363636363757e-01
1.659667170953101163e+02 7.863636363636363757e-01
1.660302571860816840e+02 7.857954545454545192e-01
1.660937972768532518e+02 7.857954545454545192e-01
1.661573373676247911e+02 7.852272727272727737e-01
1.662208774583963589e+02 7.852272727272727737e-01
1.662844175491679266e+02 7.846590909090909172e-01
1.663479576399394659e+02 7.846590909090909172e-01
1.664114977307110337e+02 7.840909090909090606e-01
1.664750378214826014e+02 7.840909090909090606e-01
1.665385779122541408e+02 7.840909090909090606e-01
1.666021180030257085e+02 7.840909090909090606e-01
1.666656580937972763e+02 7.840909090909090606e-01
1.667291981845688156e+02 7.846590909090909172e-01
1.667927382753403833e+02 7.846590909090909172e-01
1.668562783661119511e+02 7.840909090909090606e-01
1.669198184568834904e+02 7.846590909090909172e-01
1.669833585476550581e+02 7.846590909090909172e-01
1.673010590015128400e+02 7.744318181818181657e-01
1.673645990922844078e+02 7.650883838383838453e-01
1.674281391830559755e+02 7.647727272727272707e-01
