1.139090309822017089e+00 5.220264317180616231e-01
1.186552406064601106e+00 5.227606461086637957e-01
1.234014502307185124e+00 5.212922173274596727e-01
1.281476598549769141e+00 5.212922173274596727e-01
1.328938694792353381e+00 5.212922173274596727e-01
1.376400791034937399e+00 5.205580029368576112e-01
1.423862887277521416e+00 5.106178696487067015e-01
1.471324983520105434e+00 5.073674616436275597e-01
1.518787079762689451e+00 5.055713915522156432e-01
1.566249176005273469e+00 5.050601262055006702e-01
1.613711272247857487e+00 5.038298210104378283e-01
1.661173368490441504e+00 5.033322037727324672e-01
1.708635464733025522e+00 5.024596182085169227e-01
1.756097560975609762e+00 5.014684287812041230e-01
1.803559657218193779e+00 5.005836063104786016e-01
1.851021753460777797e+00 4.985702140814591843e-01
1.898483849703361814e+00 4.970036115410565447e-01
1.945945945945945832e+00 4.960026105400554552e-01
1.993408042188529850e+00 4.945248584015103921e-01
2.040870138431114089e+00 4.921530837004405301e-01
2.088332234673698107e+00 4.801762114537445614e-01
2.135794330916282124e+00 4.823788546255506349e-01
2.183256427158866142e+00 4.831130690161526964e-01
2.230718523401450160e+00 4.838472834067547579e-01
2.278180619644034177e+00 4.845814977973568194e-01
2.325642715886618195e+00 4.860499265785609424e-01
2.373104812129202212e+00 4.867841409691630039e-01
2.420566908371786230e+00 4.897209985315712499e-01
2.468029004614370248e+00 4.904552129221733114e-01
2.515491100856954265e+00 4.904552129221733114e-01
2.562953197099538283e+00 4.911894273127753729e-01
2.610415293342122300e+00 4.919236417033774345e-01
2.657877389584706762e+00 4.941262848751836190e-01
2.705339485827290780e+00 4.955947136563877420e-01
2.752801582069874797e+00 4.970631424375917540e-01
2.800263678312458815e+00 4.977973568281938155e-01
2.847725774555042833e+00 4.992657856093979385e-01
2.895187870797626850e+00 5.007342143906020615e-01
2.942649967040210868e+00 5.022026431718061845e-01
2.990112063282794885e+00 5.036710719530103075e-01
3.037574159525378903e+00 5.058737151248164921e-01
3.085036255767962921e+00 5.088105726872247381e-01
3.132498352010546938e+00 5.132158590308371071e-01
3.179960448253130956e+00 5.139500734214390576e-01
3.227422544495714973e+00 5.146842878120411191e-01
3.274884640738298991e+00 5.154185022026431806e-01
3.322346736980883009e+00 5.168869309838473036e-01
3.369808833223467026e+00 5.183553597650514266e-01
3.417270929466051044e+00 5.205580029368576112e-01
3.464733025708635505e+00 5.220264317180616231e-01
3.512195121951219523e+00 5.242290748898679187e-01
3.559657218193803541e+00 5.264317180616739922e-01
3.607119314436387558e+00 5.271659324522761647e-01
3.654581410678971576e+00 5.286343612334801767e-01
3.702043506921555593e+00 5.308370044052863612e-01
3.749505603164139611e+00 5.330396475770925457e-01
3.796967699406723629e+00 5.345080763582966688e-01
3.844429795649307646e+00 5.359765051395006807e-01
3.891891891891891664e+00 5.381791483113069763e-01
3.939353988134475681e+00 5.396475770925110993e-01
3.986816084377059699e+00 5.403817914831130498e-01
4.034278180619644161e+00 5.418502202643171728e-01
4.081740276862228178e+00 5.455212922173274803e-01
4.129202373104812196e+00 5.455212922173274803e-01
4.176664469347396214e+00 5.477239353891336648e-01
4.224126565589980231e+00 5.491923641703377879e-01
4.271588661832564249e+00 5.499265785609397383e-01
4.319050758075148266e+00 5.528634361233479844e-01
4.366512854317732284e+00 5.543318649045521074e-01
4.413974950560316302e+00 5.558002936857562304e-01
4.461437046802900319e+00 5.580029368575624149e-01
4.508899143045484337e+00 5.580029368575624149e-01
4.556361239288068354e+00 5.602055800293685994e-01
4.603823335530652372e+00 5.616740088105727224e-01
4.651285431773236390e+00 5.638766519823787959e-01
4.698747528015820407e+00 5.653450807635829189e-01
4.746209624258404425e+00 5.653450807635829189e-01
4.793671720500988442e+00 5.668135095447870420e-01
4.841133816743572460e+00 5.682819383259911650e-01
4.888595912986156478e+00 5.697503671071952880e-01
4.936058009228740495e+00 5.741556534508076570e-01
4.983520105471324513e+00 5.763582966226138415e-01
5.030982201713908530e+00 5.778267254038179646e-01
5.078444297956492548e+00 5.800293685756241491e-01
5.125906394199076566e+00 5.807635829662260996e-01
5.173368490441660583e+00 5.822320117474302226e-01
5.220830586684244601e+00 5.837004405286343456e-01
5.268292682926828618e+00 5.844346549192365181e-01
5.315754779169413524e+00 5.851688693098384686e-01
5.363216875411997542e+00 5.851688693098384686e-01
5.410678971654581559e+00 5.873715124816446531e-01
5.458141067897165577e+00 5.881057268722467146e-01
5.505603164139749595e+00 5.888399412628487761e-01
5.553065260382333612e+00 5.895741556534508376e-01
5.600527356624917630e+00 5.903083700440528991e-01
5.647989452867501647e+00 5.925110132158590837e-01
5.695451549110085665e+00 5.939794419970632067e-01
5.742913645352669683e+00 5.954478707782673297e-01
5.790375741595253700e+00 5.969162995594714527e-01
5.837837837837837718e+00 5.969162995594714527e-01
5.885299934080421735e+00 5.969162995594714527e-01
5.932762030323005753e+00 5.969162995594714527e-01
5.980224126565589771e+00 5.969162995594714527e-01
6.027686222808173788e+00 5.976505139500734032e-01
6.075148319050757806e+00 5.976505139500734032e-01
6.122610415293341823e+00 5.976505139500734032e-01
6.170072511535925841e+00 5.976505139500734032e-01
6.217534607778509859e+00 5.976505139500734032e-01
6.264996704021093876e+00 5.976505139500734032e-01
6.312458800263677894e+00 5.976505139500734032e-01
6.359920896506261911e+00 5.976505139500734032e-01
6.407382992748845929e+00 5.976505139500734032e-01
6.454845088991429947e+00 5.976505139500734032e-01
6.502307185234013964e+00 5.976505139500734032e-01
6.549769281476597982e+00 5.976505139500734032e-01
6.597231377719181999e+00 5.976505139500734032e-01
6.644693473961766017e+00 5.976505139500734032e-01
6.692155570204350035e+00 5.976505139500734032e-01
6.739617666446934052e+00 5.976505139500734032e-01
6.787079762689518070e+00 5.976505139500734032e-01
6.834541858932102087e+00 5.976505139500734032e-01
6.882003955174686993e+00 5.976505139500734032e-01
6.929466051417271011e+00 5.976505139500734032e-01
6.976928147659855028e+00 5.976505139500734032e-01
7.024390243902439046e+00 5.976505139500734032e-01
7.071852340145023064e+00 5.961820851688692802e-01
7.119314436387607081e+00 5.961820851688692802e-01
7.166776532630191099e+00 5.947136563876651572e-01
7.214238628872775116e+00 5.932452276064610341e-01
7.261700725115359134e+00 5.917767988252570222e-01
7.309162821357943152e+00 5.910425844346549606e-01
7.356624917600527169e+00 5.903083700440528991e-01
7.404087013843111187e+00 5.903083700440528991e-01
7.451549110085695204e+00 5.895741556534508376e-01
7.499011206328279222e+00 5.888399412628487761e-01
7.546473302570863240e+00 5.888399412628487761e-01
7.593935398813447257e+00 5.881057268722467146e-01
7.641397495056031275e+00 5.859030837004405301e-01
7.688859591298615292e+00 5.844346549192365181e-01
7.736321687541199310e+00 5.837004405286343456e-01
7.783783783783783328e+00 5.829662261380323951e-01
7.831245880026367345e+00 5.822320117474302226e-01
7.878707976268951363e+00 5.807635829662260996e-01
7.926170072511535380e+00 5.785609397944200261e-01
7.973632168754119398e+00 5.785609397944200261e-01
8.021094264996703416e+00 5.778267254038179646e-01
8.068556361239288321e+00 5.763582966226138415e-01
8.116018457481871451e+00 5.748898678414097185e-01
8.163480553724456357e+00 5.726872246696035340e-01
8.210942649967039486e+00 5.719530102790014725e-01
8.258404746209624392e+00 5.704845814977974605e-01
8.305866842452207521e+00 5.697503671071952880e-01
8.353328938694792427e+00 5.682819383259911650e-01
8.400791034937375557e+00 5.660792951541850915e-01
8.448253131179960462e+00 5.653450807635829189e-01
8.495715227422543592e+00 5.638766519823787959e-01
8.543177323665128498e+00 5.624082232011747839e-01
8.590639419907711627e+00 5.609397944199706609e-01
8.638101516150296533e+00 5.602055800293685994e-01
8.685563612392879662e+00 5.572687224669603534e-01
8.733025708635464568e+00 5.572687224669603534e-01
8.780487804878047697e+00 5.565345080763584029e-01
8.827949901120632603e+00 5.543318649045521074e-01
8.875411997363215733e+00 5.513950073421438614e-01
8.922874093605800638e+00 5.513950073421438614e-01
8.970336189848383768e+00 5.499265785609397383e-01
9.017798286090968674e+00 5.491923641703377879e-01
9.065260382333551803e+00 5.477239353891336648e-01
9.112722478576136709e+00 5.469897209985316033e-01
9.160184574818721615e+00 5.462555066079295418e-01
9.207646671061304744e+00 5.447870778267254188e-01
9.255108767303889650e+00 5.418502202643171728e-01
9.302570863546472779e+00 5.403817914831130498e-01
9.350032959789057685e+00 5.374449339207048038e-01
9.397495056031640814e+00 5.359765051395006807e-01
9.444957152274225720e+00 5.345080763582966688e-01
9.492419248516808850e+00 5.330396475770925457e-01
9.539881344759393755e+00 5.308370044052863612e-01
9.587343441001976885e+00 5.293685756240822382e-01
9.634805537244561791e+00 5.279001468428781152e-01
9.682267633487144920e+00 5.279001468428781152e-01
9.729729729729729826e+00 5.264317180616739922e-01
9.777191825972312955e+00 5.256975036710720417e-01
9.824653922214897861e+00 5.234948604992657462e-01
9.872116018457480990e+00 5.227606461086637957e-01
9.919578114700065896e+00 5.205580029368576112e-01
9.967040210942649026e+00 5.190895741556534881e-01
1.001450230718523393e+01 5.176211453744493651e-01
1.006196440342781706e+01 5.146842878120411191e-01
1.010942649967040197e+01 5.132158590308371071e-01
1.015688859591298510e+01 5.124816446402349346e-01
1.020435069215557000e+01 5.102790014684288611e-01
1.025181278839815313e+01 5.088105726872247381e-01
1.029927488464073804e+01 5.073421439060206151e-01
1.034673698088332117e+01 5.051395007342144305e-01
1.039419907712590607e+01 5.036710719530103075e-01
1.044166117336848920e+01 5.014684287812041230e-01
1.048912326961107411e+01 5.000000000000000000e-01
1.053658536585365724e+01 4.992657856093979385e-01
1.058404746209624214e+01 4.985315712187958770e-01
1.063150955833882705e+01 4.977973568281938155e-01
1.067897165458141018e+01 4.941262848751836190e-01
1.072643375082399508e+01 4.919236417033774345e-01
1.077389584706657821e+01 4.911894273127753729e-01
1.082135794330916312e+01 4.904552129221733114e-01
1.086882003955174625e+01 4.889867841409691884e-01
1.091628213579433115e+01 4.867841409691630039e-01
1.096374423203691428e+01 4.845814977973568194e-01
1.101120632827949919e+01 4.823788546255506349e-01
1.105866842452208232e+01 4.809104258443466229e-01
1.110613052076466722e+01 4.801762114537445614e-01
1.115359261700725035e+01 4.772393538913363153e-01
1.120105471324983526e+01 4.757709251101321923e-01
1.124851680949241839e+01 4.743024963289280693e-01
1.129597890573500329e+01 4.743024963289280693e-01
1.134344100197758642e+01 4.735682819383260078e-01
1.139090309822017133e+01 4.713656387665198233e-01
1.143836519446275446e+01 4.691629955947136388e-01
1.148582729070533937e+01 4.676945668135096268e-01
1.153328938694792249e+01 4.676945668135096268e-01
1.158075148319050740e+01 4.669603524229075653e-01
1.162821357943309053e+01 4.647577092511013808e-01
1.167567567567567544e+01 4.632892804698972578e-01
1.172313777191825857e+01 4.610866372980910732e-01
1.177059986816084347e+01 4.603524229074890117e-01
1.181806196440342660e+01 4.596182085168869502e-01
1.186552406064601151e+01 4.581497797356828272e-01
1.191298615688859464e+01 4.566813509544787042e-01
1.196044825313117954e+01 4.552129221732745812e-01
1.200791034937376267e+01 4.537444933920705692e-01
1.205537244561634758e+01 4.522760646108664462e-01
1.210283454185893071e+01 4.515418502202643847e-01
1.215029663810151561e+01 4.500734214390602617e-01
1.219775873434410052e+01 4.478707782672540771e-01
1.224522083058668365e+01 4.471365638766520156e-01
1.229268292682926855e+01 4.464023494860499541e-01
1.234014502307185168e+01 4.441997063142437696e-01
1.238760711931443659e+01 4.434654919236417081e-01
1.243506921555701972e+01 4.427312775330396466e-01
1.248253131179960462e+01 4.427312775330396466e-01
1.252999340804218775e+01 4.427312775330396466e-01
1.257745550428477266e+01 4.412628487518355236e-01
1.262491760052735579e+01 4.383259911894273886e-01
1.267237969676994069e+01 4.368575624082232656e-01
1.271984179301252382e+01 4.361233480176212041e-01
1.276730388925510873e+01 4.353891336270191426e-01
1.281476598549769186e+01 4.353891336270191426e-01
1.286222808174027676e+01 4.346549192364170811e-01
1.290969017798285989e+01 4.339207048458150195e-01
1.295715227422544480e+01 4.339207048458150195e-01
1.300461437046802793e+01 4.331864904552129580e-01
1.305207646671061283e+01 4.302496328928047120e-01
1.309953856295319596e+01 4.280469897209985275e-01
1.314700065919578087e+01 4.273127753303964660e-01
1.319446275543836400e+01 4.273127753303964660e-01
1.324192485168094890e+01 4.265785609397944045e-01
1.328938694792353203e+01 4.265785609397944045e-01
1.333684904416611694e+01 4.258443465491923430e-01
1.338431114040870007e+01 4.236417033773862695e-01
1.343177323665128498e+01 4.229074889867842080e-01
1.347923533289386810e+01 4.229074889867842080e-01
1.352669742913645301e+01 4.214390602055800850e-01
1.357415952537903614e+01 4.199706314243759619e-01
1.362162162162162105e+01 4.192364170337739004e-01
1.366908371786420417e+01 4.192364170337739004e-01
1.371654581410678908e+01 4.177679882525697774e-01
1.376400791034937399e+01 4.177679882525697774e-01
1.381147000659195712e+01 4.148311306901615314e-01
1.385893210283454202e+01 4.133627019089574084e-01
1.390639419907712515e+01 4.118942731277532854e-01
1.395385629531971006e+01 4.118942731277532854e-01
1.400131839156229319e+01 4.118942731277532854e-01
1.404878048780487809e+01 4.118942731277532854e-01
1.409624258404746122e+01 4.118942731277532854e-01
1.414370468029004613e+01 4.111600587371513349e-01
1.419116677653262926e+01 4.104258443465492734e-01
1.423862887277521416e+01 4.082232011747430889e-01
1.428609096901779729e+01 4.067547723935389659e-01
1.433355306526038220e+01 4.067547723935389659e-01
1.438101516150296533e+01 4.060205580029369044e-01
1.442847725774555023e+01 4.052863436123348428e-01
1.447593935398813336e+01 4.052863436123348428e-01
1.452340145023071827e+01 4.052863436123348428e-01
1.457086354647330140e+01 4.052863436123348428e-01
1.461832564271588630e+01 4.045521292217327813e-01
1.466578773895846943e+01 4.045521292217327813e-01
1.471324983520105434e+01 4.038179148311307198e-01
1.476071193144363747e+01 4.038179148311307198e-01
1.480817402768622237e+01 4.038179148311307198e-01
1.485563612392880550e+01 4.038179148311307198e-01
1.490309822017139041e+01 4.038179148311307198e-01
1.495056031641397354e+01 4.038179148311307198e-01
1.499802241265655844e+01 4.038179148311307198e-01
1.504548450889914157e+01 4.045521292217327813e-01
1.509294660514172648e+01 4.045521292217327813e-01
1.514040870138430961e+01 4.045521292217327813e-01
1.518787079762689451e+01 4.038179148311307198e-01
1.523533289386947942e+01 4.030837004405286583e-01
1.528279499011206255e+01 4.023494860499265968e-01
1.533025708635464746e+01 4.023494860499265968e-01
1.537771918259723058e+01 4.023494860499265968e-01
1.542518127883981549e+01 4.023494860499265968e-01
1.547264337508239862e+01 4.023494860499265968e-01
1.552010547132498353e+01 4.023494860499265968e-01
1.556756756756756666e+01 4.023494860499265968e-01
1.561502966381015156e+01 4.023494860499265968e-01
1.566249176005273469e+01 4.023494860499265968e-01
1.570995385629531960e+01 4.030837004405286583e-01
1.575741595253790273e+01 4.038179148311307198e-01
1.580487804878048763e+01 4.038179148311307198e-01
1.585234014502307076e+01 4.038179148311307198e-01
1.589980224126565567e+01 4.038179148311307198e-01
1.594726433750823880e+01 4.038179148311307198e-01
1.599472643375082370e+01 4.038179148311307198e-01
1.604218852999340683e+01 4.038179148311307198e-01
1.608965062623598996e+01 4.038179148311307198e-01
1.613711272247857664e+01 4.045521292217327813e-01
1.618457481872115977e+01 4.045521292217327813e-01
1.623203691496374290e+01 4.045521292217327813e-01
1.627949901120632603e+01 4.045521292217327813e-01
1.632696110744891271e+01 4.052863436123348428e-01
1.637442320369149584e+01 4.052863436123348428e-01
1.642188529993407897e+01 4.052863436123348428e-01
1.646934739617666210e+01 4.052863436123348428e-01
1.651680949241924878e+01 4.052863436123348428e-01
1.656427158866183191e+01 4.052863436123348428e-01
1.661173368490441504e+01 4.060205580029369044e-01
1.665919578114699817e+01 4.060205580029369044e-01
1.670665787738958485e+01 4.067547723935389659e-01
1.675411997363216798e+01 4.067547723935389659e-01
1.680158206987475111e+01 4.067547723935389659e-01
1.684904416611733780e+01 4.067547723935389659e-01
1.689650626235992092e+01 4.082232011747430889e-01
1.694396835860250405e+01 4.096916299559472119e-01
1.699143045484508718e+01 4.111600587371513349e-01
1.703889255108767387e+01 4.118942731277532854e-01
1.708635464733025700e+01 4.118942731277532854e-01
1.713381674357284012e+01 4.126284875183553469e-01
1.718127883981542325e+01 4.126284875183553469e-01
1.722874093605800994e+01 4.126284875183553469e-01
1.727620303230059307e+01 4.126284875183553469e-01
1.732366512854317619e+01 4.133627019089574084e-01
1.737112722478575932e+01 4.140969162995594699e-01
1.741858932102834601e+01 4.148311306901615314e-01
1.746605141727092914e+01 4.155653450807635929e-01
1.751351351351351227e+01 4.170337738619677159e-01
1.756097560975609539e+01 4.185022026431718389e-01
1.760843770599868208e+01 4.185022026431718389e-01
1.765589980224126521e+01 4.199706314243759619e-01
1.770336189848384834e+01 4.199706314243759619e-01
1.775082399472643147e+01 4.199706314243759619e-01
1.779828609096901815e+01 4.199706314243759619e-01
1.784574818721160128e+01 4.199706314243759619e-01
1.789321028345418441e+01 4.207048458149780235e-01
1.794067237969676754e+01 4.207048458149780235e-01
1.798813447593935422e+01 4.207048458149780235e-01
1.803559657218193735e+01 4.214390602055800850e-01
1.808305866842452048e+01 4.236417033773862695e-01
1.813052076466710361e+01 4.251101321585903925e-01
1.817798286090969029e+01 4.265785609397944045e-01
1.822544495715227342e+01 4.265785609397944045e-01
1.827290705339485655e+01 4.273127753303964660e-01
1.832036914963744323e+01 4.273127753303964660e-01
1.836783124588002636e+01 4.280469897209985275e-01
1.841529334212260949e+01 4.280469897209985275e-01
1.846275543836519262e+01 4.280469897209985275e-01
1.851021753460777930e+01 4.280469897209985275e-01
1.855767963085036243e+01 4.287812041116005890e-01
1.860514172709294556e+01 4.309838472834067735e-01
1.865260382333552869e+01 4.331864904552129580e-01
1.870006591957811537e+01 4.339207048458150195e-01
1.874752801582069850e+01 4.346549192364170811e-01
1.879499011206328163e+01 4.353891336270191426e-01
1.884245220830586476e+01 4.353891336270191426e-01
1.888991430454845144e+01 4.361233480176212041e-01
1.893737640079103457e+01 4.368575624082232656e-01
1.898483849703361770e+01 4.375917767988253271e-01
1.903230059327620083e+01 4.390602055800294501e-01
1.907976268951878751e+01 4.397944199706314006e-01
1.912722478576137064e+01 4.412628487518355236e-01
1.917468688200395377e+01 4.412628487518355236e-01
1.922214897824653690e+01 4.419970631424375851e-01
1.926961107448912358e+01 4.427312775330396466e-01
1.931707317073170671e+01 4.427312775330396466e-01
1.936453526697428984e+01 4.441997063142437696e-01
1.941199736321687297e+01 4.449339207048458311e-01
1.945945945945945965e+01 4.449339207048458311e-01
1.950692155570204278e+01 4.456681350954478926e-01
1.955438365194462591e+01 4.478707782672540771e-01
1.960184574818720904e+01 4.493392070484582002e-01
1.964930784442979572e+01 4.500734214390602617e-01
1.969676994067237885e+01 4.508076358296623232e-01
1.974423203691496198e+01 4.508076358296623232e-01
1.979169413315754866e+01 4.515418502202643847e-01
1.983915622940013179e+01 4.530102790014685077e-01
1.988661832564271492e+01 4.537444933920705692e-01
1.993408042188529805e+01 4.544787077826725197e-01
1.998154251812788473e+01 4.559471365638766427e-01
2.002900461437046786e+01 4.574155653450807657e-01
2.007646671061305099e+01 4.574155653450807657e-01
2.012392880685563412e+01 4.588839941262848887e-01
2.017139090309822080e+01 4.596182085168869502e-01
2.021885299934080393e+01 4.610866372980910732e-01
2.026631509558338706e+01 4.618208516886931347e-01
2.031377719182597019e+01 4.625550660792951962e-01
2.036123928806855687e+01 4.632892804698972578e-01
2.040870138431114000e+01 4.640234948604993193e-01
2.045616348055372313e+01 4.647577092511013808e-01
2.050362557679630626e+01 4.654919236417034423e-01
2.055108767303889294e+01 4.662261380323055038e-01
2.059854976928147607e+01 4.669603524229075653e-01
2.064601186552405920e+01 4.676945668135096268e-01
2.069347396176664233e+01 4.684287812041115773e-01
2.074093605800922901e+01 4.706314243759177618e-01
2.078839815425181214e+01 4.713656387665198233e-01
2.083586025049439527e+01 4.720998531571218848e-01
2.088332234673697840e+01 4.735682819383260078e-01
2.093078444297956509e+01 4.750367107195301308e-01
2.097824653922214821e+01 4.765051395007342538e-01
2.102570863546473134e+01 4.772393538913363153e-01
2.107317073170731447e+01 4.787077826725404384e-01
2.112063282794990116e+01 4.787077826725404384e-01
2.116809492419248429e+01 4.794419970631424999e-01
2.121555702043506741e+01 4.816446402349486844e-01
2.126301911667765410e+01 4.823788546255506349e-01
2.131048121292023723e+01 4.831130690161526964e-01
2.135794330916282036e+01 4.838472834067547579e-01
2.140540540540540349e+01 4.853157121879588809e-01
2.145286750164799017e+01 4.875183553597650654e-01
2.150032959789057330e+01 4.897209985315712499e-01
2.154779169413315643e+01 4.904552129221733114e-01
2.159525379037573956e+01 4.904552129221733114e-01
2.164271588661832624e+01 4.911894273127753729e-01
2.169017798286090937e+01 4.933920704845815575e-01
2.173764007910349250e+01 4.948604992657856805e-01
2.178510217534607563e+01 4.977973568281938155e-01
2.183256427158866231e+01 4.977973568281938155e-01
2.188002636783124544e+01 4.985315712187958770e-01
2.192748846407382857e+01 5.000000000000000000e-01
2.197495056031641170e+01 5.014684287812041230e-01
2.202241265655899838e+01 5.036710719530103075e-01
2.206987475280158151e+01 5.051395007342144305e-01
2.211733684904416464e+01 5.058737151248164921e-01
2.216479894528674777e+01 5.073421439060206151e-01
2.221226104152933445e+01 5.080763582966225655e-01
2.225972313777191758e+01 5.088105726872247381e-01
2.230718523401450071e+01 5.088105726872247381e-01
2.235464733025708384e+01 5.088105726872247381e-01
2.240210942649967052e+01 5.102790014684288611e-01
2.244957152274225365e+01 5.117474302496329841e-01
2.249703361898483678e+01 5.117474302496329841e-01
2.254449571522741991e+01 5.132158590308371071e-01
2.259195781147000659e+01 5.146842878120411191e-01
2.263941990771258972e+01 5.161527165932452421e-01
2.268688200395517285e+01 5.183553597650514266e-01
2.273434410019775598e+01 5.183553597650514266e-01
2.278180619644034266e+01 5.190895741556534881e-01
2.282926829268292579e+01 5.198237885462555496e-01
2.287673038892550892e+01 5.205580029368576112e-01
2.292419248516809560e+01 5.220264317180616231e-01
2.297165458141067873e+01 5.234948604992657462e-01
2.301911667765326186e+01 5.249632892804698692e-01
2.306657877389584499e+01 5.249632892804698692e-01
2.311404087013843167e+01 5.271659324522761647e-01
2.316150296638101480e+01 5.293685756240822382e-01
2.320896506262359793e+01 5.293685756240822382e-01
2.325642715886618106e+01 5.301027900146842997e-01
2.330388925510876774e+01 5.308370044052863612e-01
2.335135135135135087e+01 5.308370044052863612e-01
2.339881344759393400e+01 5.323054331864904842e-01
2.344627554383651713e+01 5.337738619676946072e-01
2.349373764007910381e+01 5.359765051395006807e-01
2.354119973632168694e+01 5.367107195301028533e-01
2.358866183256427007e+01 5.374449339207048038e-01
2.363612392880685320e+01 5.374449339207048038e-01
2.368358602504943988e+01 5.381791483113069763e-01
2.373104812129202301e+01 5.389133627019089268e-01
2.377851021753460614e+01 5.396475770925110993e-01
2.382597231377718927e+01 5.403817914831130498e-01
2.387343441001977595e+01 5.418502202643171728e-01
2.392089650626235908e+01 5.425844346549192343e-01
2.396835860250494221e+01 5.425844346549192343e-01
2.401582069874752534e+01 5.447870778267254188e-01
2.406328279499011202e+01 5.455212922173274803e-01
2.411074489123269515e+01 5.462555066079295418e-01
2.415820698747527828e+01 5.469897209985316033e-01
2.420566908371786141e+01 5.491923641703377879e-01
2.425313117996044809e+01 5.506607929515419109e-01
2.430059327620303122e+01 5.521292217327460339e-01
2.434805537244561435e+01 5.528634361233479844e-01
2.439551746868820103e+01 5.528634361233479844e-01
2.444297956493078416e+01 5.535976505139501569e-01
2.449044166117336729e+01 5.543318649045521074e-01
2.453790375741595042e+01 5.543318649045521074e-01
2.458536585365853711e+01 5.558002936857562304e-01
2.463282794990112023e+01 5.572687224669603534e-01
2.468029004614370336e+01 5.587371512481644764e-01
2.472775214238628649e+01 5.594713656387665379e-01
2.477521423862887318e+01 5.602055800293685994e-01
2.482267633487145631e+01 5.609397944199706609e-01
2.487013843111403943e+01 5.616740088105727224e-01
2.491760052735662256e+01 5.624082232011747839e-01
2.496506262359920925e+01 5.624082232011747839e-01
2.501252471984179238e+01 5.638766519823787959e-01
2.505998681608437550e+01 5.668135095447870420e-01
2.510744891232695863e+01 5.675477239353892145e-01
2.515491100856954532e+01 5.682819383259911650e-01
2.520237310481212845e+01 5.690161527165933375e-01
2.524983520105471158e+01 5.690161527165933375e-01
2.529729729729729470e+01 5.690161527165933375e-01
2.534475939353988139e+01 5.697503671071952880e-01
2.539222148978246452e+01 5.712187958883994110e-01
2.543968358602504765e+01 5.719530102790014725e-01
2.548714568226763078e+01 5.741556534508076570e-01
2.553460777851021746e+01 5.748898678414097185e-01
2.558206987475280059e+01 5.748898678414097185e-01
2.562953197099538372e+01 5.756240822320117800e-01
2.567699406723796685e+01 5.756240822320117800e-01
2.572445616348055353e+01 5.763582966226138415e-01
2.577191825972313666e+01 5.770925110132159030e-01
2.581938035596571979e+01 5.778267254038179646e-01
2.586684245220830647e+01 5.792951541850219765e-01
2.591430454845088960e+01 5.792951541850219765e-01
2.596176664469347273e+01 5.814977973568282721e-01
2.600922874093605586e+01 5.822320117474302226e-01
2.605669083717864254e+01 5.822320117474302226e-01
2.610415293342122567e+01 5.829662261380323951e-01
2.615161502966380880e+01 5.829662261380323951e-01
2.619907712590639193e+01 5.844346549192365181e-01
2.624653922214897861e+01 5.851688693098384686e-01
2.629400131839156174e+01 5.859030837004405301e-01
2.634146341463414487e+01 5.873715124816446531e-01
2.638892551087672800e+01 5.881057268722467146e-01
2.643638760711931468e+01 5.888399412628487761e-01
2.648384970336189781e+01 5.888399412628487761e-01
2.653131179960448094e+01 5.903083700440528991e-01
2.657877389584706407e+01 5.903083700440528991e-01
2.662623599208965075e+01 5.910425844346549606e-01
2.667369808833223388e+01 5.910425844346549606e-01
2.672116018457481701e+01 5.925110132158590837e-01
2.676862228081740014e+01 5.932452276064610341e-01
2.681608437705998682e+01 5.939794419970632067e-01
2.686354647330256995e+01 5.954478707782673297e-01
2.691100856954515308e+01 5.961820851688692802e-01
2.695847066578773621e+01 5.969162995594714527e-01
2.700593276203032289e+01 5.983847283406755757e-01
2.705339485827290602e+01 5.991189427312775262e-01
2.710085695451548915e+01 5.991189427312775262e-01
2.714831905075807228e+01 6.005873715124816492e-01
2.719578114700065896e+01 6.027900146842878337e-01
2.724324324324324209e+01 6.042584434654919567e-01
2.729070533948582522e+01 6.049926578560940182e-01
2.733816743572840835e+01 6.049926578560940182e-01
2.738562953197099503e+01 6.049926578560940182e-01
2.743309162821357816e+01 6.049926578560940182e-01
2.748055372445616129e+01 6.049926578560940182e-01
2.752801582069874797e+01 6.057268722466960797e-01
2.757547791694133110e+01 6.064610866372981413e-01
2.762294001318391423e+01 6.086637298091042148e-01
2.767040210942649736e+01 6.101321585903083378e-01
2.771786420566908404e+01 6.123348017621146333e-01
2.776532630191166717e+01 6.123348017621146333e-01
2.781278839815425030e+01 6.123348017621146333e-01
2.786025049439683343e+01 6.123348017621146333e-01
2.790771259063942011e+01 6.130690161527165838e-01
2.795517468688200324e+01 6.130690161527165838e-01
2.800263678312458637e+01 6.138032305433186453e-01
2.805009887936716950e+01 6.152716593245227683e-01
2.809756097560975618e+01 6.167400881057268913e-01
2.814502307185233931e+01 6.189427312775330758e-01
2.819248516809492244e+01 6.196769456681351373e-01
2.823994726433750557e+01 6.196769456681351373e-01
2.828740936058009225e+01 6.196769456681351373e-01
2.833487145682267538e+01 6.196769456681351373e-01
2.838233355306525851e+01 6.196769456681351373e-01
2.842979564930784164e+01 6.196769456681351373e-01
2.847725774555042833e+01 6.196769456681351373e-01
2.852471984179301145e+01 6.196769456681351373e-01
2.857218193803559458e+01 6.196769456681351373e-01
2.861964403427817771e+01 6.196769456681351373e-01
2.866710613052076440e+01 6.204111600587371989e-01
2.871456822676334752e+01 6.211453744493391493e-01
2.876203032300593065e+01 6.211453744493391493e-01
2.880949241924851378e+01 6.218795888399413219e-01
2.885695451549110047e+01 6.233480176211454449e-01
2.890441661173368360e+01 6.262848751835536909e-01
2.895187870797626672e+01 6.262848751835536909e-01
2.899934080421885341e+01 6.270190895741556414e-01
2.904680290046143654e+01 6.270190895741556414e-01
2.909426499670401967e+01 6.270190895741556414e-01
2.914172709294660280e+01 6.284875183553597644e-01
2.918918918918918948e+01 6.284875183553597644e-01
2.923665128543177261e+01 6.284875183553597644e-01
2.928411338167435574e+01 6.284875183553597644e-01
2.933157547791693887e+01 6.292217327459618259e-01
2.937903757415952555e+01 6.306901615271659489e-01
2.942649967040210868e+01 6.314243759177680104e-01
2.947396176664469181e+01 6.314243759177680104e-01
2.952142386288727494e+01 6.321585903083700719e-01
2.956888595912986162e+01 6.328928046989721334e-01
2.961634805537244475e+01 6.328928046989721334e-01
2.966381015161502788e+01 6.336270190895741949e-01
2.971127224785761101e+01 6.350954478707782069e-01
2.975873434410019769e+01 6.350954478707782069e-01
2.980619644034278082e+01 6.350954478707782069e-01
2.985365853658536395e+01 6.350954478707782069e-01
2.990112063282794708e+01 6.350954478707782069e-01
2.994858272907053376e+01 6.350954478707782069e-01
2.999604482531311689e+01 6.358296622613803795e-01
3.004350692155570002e+01 6.358296622613803795e-01
3.009096901779828315e+01 6.365638766519823299e-01
3.013843111404086983e+01 6.380323054331864530e-01
3.018589321028345296e+01 6.395007342143905760e-01
3.023335530652603609e+01 6.402349486049927485e-01
3.028081740276861922e+01 6.409691629955946990e-01
3.032827949901120590e+01 6.409691629955946990e-01
3.037574159525378903e+01 6.409691629955946990e-01
3.042320369149637216e+01 6.409691629955946990e-01
3.047066578773895884e+01 6.417033773861968715e-01
3.051812788398154197e+01 6.424375917767988220e-01
3.056558998022412510e+01 6.424375917767988220e-01
3.061305207646670823e+01 6.424375917767988220e-01
3.066051417270929491e+01 6.424375917767988220e-01
3.070797626895187804e+01 6.424375917767988220e-01
3.075543836519446117e+01 6.424375917767988220e-01
3.080290046143704430e+01 6.424375917767988220e-01
3.085036255767963098e+01 6.424375917767988220e-01
3.089782465392221411e+01 6.424375917767988220e-01
3.094528675016479724e+01 6.431718061674008835e-01
3.099274884640738037e+01 6.431718061674008835e-01
3.104021094264996705e+01 6.453744493392070680e-01
3.108767303889255018e+01 6.453744493392070680e-01
3.113513513513513331e+01 6.453744493392070680e-01
3.118259723137771644e+01 6.461086637298091295e-01
3.123005932762030312e+01 6.461086637298091295e-01
3.127752142386288625e+01 6.461086637298091295e-01
3.132498352010546938e+01 6.468428781204111910e-01
3.137244561634805251e+01 6.468428781204111910e-01
3.141990771259063919e+01 6.475770925110132525e-01
3.146736980883322232e+01 6.483113069016153140e-01
3.151483190507580545e+01 6.483113069016153140e-01
3.156229400131838858e+01 6.483113069016153140e-01
3.160975609756097526e+01 6.490455212922172645e-01
3.165721819380355839e+01 6.490455212922172645e-01
3.170468029004614152e+01 6.490455212922172645e-01
3.175214238628872465e+01 6.490455212922172645e-01
3.179960448253131133e+01 6.490455212922172645e-01
3.184706657877389446e+01 6.490455212922172645e-01
3.189452867501647759e+01 6.490455212922172645e-01
3.194199077125906427e+01 6.490455212922172645e-01
3.198945286750164740e+01 6.490455212922172645e-01
3.203691496374423053e+01 6.490455212922172645e-01
3.208437705998681366e+01 6.490455212922172645e-01
3.213183915622939679e+01 6.490455212922172645e-01
3.217930125247197992e+01 6.490455212922172645e-01
3.222676334871457016e+01 6.490455212922172645e-01
3.227422544495715329e+01 6.490455212922172645e-01
3.232168754119973642e+01 6.490455212922172645e-01
3.236914963744231954e+01 6.490455212922172645e-01
3.241661173368490267e+01 6.490455212922172645e-01
3.246407382992748580e+01 6.497797356828194371e-01
3.251153592617006893e+01 6.497797356828194371e-01
3.255899802241265206e+01 6.497797356828194371e-01
3.260646011865524230e+01 6.497797356828194371e-01
3.265392221489782543e+01 6.497797356828194371e-01
3.270138431114040856e+01 6.497797356828194371e-01
3.274884640738299169e+01 6.497797356828194371e-01
3.279630850362557482e+01 6.497797356828194371e-01
3.284377059986815794e+01 6.497797356828194371e-01
3.289123269611074107e+01 6.497797356828194371e-01
3.293869479235332420e+01 6.505139500734213875e-01
3.298615688859591444e+01 6.512481644640235601e-01
3.303361898483849757e+01 6.512481644640235601e-01
3.308108108108108070e+01 6.519823788546255106e-01
3.312854317732366383e+01 6.527165932452276831e-01
3.317600527356624696e+01 6.534508076358296336e-01
3.322346736980883009e+01 6.549192364170337566e-01
3.327092946605141321e+01 6.556534508076359291e-01
3.331839156229399634e+01 6.556534508076359291e-01
3.336585365853658658e+01 6.556534508076359291e-01
3.341331575477916971e+01 6.563876651982378796e-01
3.346077785102175284e+01 6.563876651982378796e-01
3.350823994726433597e+01 6.563876651982378796e-01
3.355570204350691910e+01 6.563876651982378796e-01
3.360316413974950223e+01 6.563876651982378796e-01
3.365062623599208536e+01 6.563876651982378796e-01
3.369808833223467559e+01 6.563876651982378796e-01
3.374555042847725872e+01 6.563876651982378796e-01
3.379301252471984185e+01 6.563876651982378796e-01
3.384047462096242498e+01 6.563876651982378796e-01
3.388793671720500811e+01 6.556534508076359291e-01
3.393539881344759124e+01 6.556534508076359291e-01
3.398286090969017437e+01 6.556534508076359291e-01
3.403032300593275750e+01 6.556534508076359291e-01
3.407778510217534773e+01 6.556534508076359291e-01
3.412524719841793086e+01 6.556534508076359291e-01
3.417270929466051399e+01 6.556534508076359291e-01
3.422017139090309712e+01 6.556534508076359291e-01
3.426763348714568025e+01 6.556534508076359291e-01
3.431509558338826338e+01 6.556534508076359291e-01
3.436255767963084651e+01 6.563876651982378796e-01
3.441001977587342964e+01 6.563876651982378796e-01
3.445748187211601987e+01 6.563876651982378796e-01
3.450494396835860300e+01 6.563876651982378796e-01
3.455240606460118613e+01 6.563876651982378796e-01
3.459986816084376926e+01 6.563876651982378796e-01
3.464733025708635239e+01 6.563876651982378796e-01
3.469479235332893552e+01 6.563876651982378796e-01
3.474225444957151865e+01 6.563876651982378796e-01
3.478971654581410178e+01 6.563876651982378796e-01
3.483717864205669201e+01 6.563876651982378796e-01
3.488464073829927514e+01 6.563876651982378796e-01
3.493210283454185827e+01 6.563876651982378796e-01
3.497956493078444140e+01 6.563876651982378796e-01
3.502702702702702453e+01 6.563876651982378796e-01
3.507448912326960766e+01 6.563876651982378796e-01
3.512195121951219079e+01 6.563876651982378796e-01
3.516941331575478102e+01 6.563876651982378796e-01
3.521687541199736415e+01 6.563876651982378796e-01
3.526433750823994728e+01 6.563876651982378796e-01
3.531179960448253041e+01 6.563876651982378796e-01
3.535926170072511354e+01 6.563876651982378796e-01
3.540672379696769667e+01 6.563876651982378796e-01
3.545418589321027980e+01 6.563876651982378796e-01
3.550164798945286293e+01 6.563876651982378796e-01
3.554911008569545317e+01 6.556534508076359291e-01
3.559657218193803629e+01 6.556534508076359291e-01
3.564403427818061942e+01 6.556534508076359291e-01
3.569149637442320255e+01 6.541850220264318061e-01
3.573895847066578568e+01 6.549192364170337566e-01
3.578642056690836881e+01 6.549192364170337566e-01
3.583388266315095194e+01 6.556534508076359291e-01
3.588134475939353507e+01 6.556534508076359291e-01
3.592880685563612531e+01 6.556534508076359291e-01
3.597626895187870844e+01 6.556534508076359291e-01
3.602373104812129156e+01 6.556534508076359291e-01
3.607119314436387469e+01 6.556534508076359291e-01
3.611865524060645782e+01 6.563876651982378796e-01
3.616611733684904095e+01 6.563876651982378796e-01
3.621357943309162408e+01 6.563876651982378796e-01
3.626104152933420721e+01 6.563876651982378796e-01
3.630850362557679745e+01 6.563876651982378796e-01
3.635596572181938058e+01 6.563876651982378796e-01
3.640342781806196371e+01 6.563876651982378796e-01
3.645088991430454683e+01 6.563876651982378796e-01
3.649835201054712996e+01 6.563876651982378796e-01
3.654581410678971309e+01 6.563876651982378796e-01
3.659327620303229622e+01 6.563876651982378796e-01
3.664073829927488646e+01 6.563876651982378796e-01
3.668820039551746959e+01 6.563876651982378796e-01
3.673566249176005272e+01 6.563876651982378796e-01
3.678312458800263585e+01 6.563876651982378796e-01
3.683058668424521898e+01 6.563876651982378796e-01
3.687804878048780211e+01 6.571218795888399411e-01
3.692551087673038523e+01 6.571218795888399411e-01
3.697297297297296836e+01 6.571218795888399411e-01
3.702043506921555860e+01 6.571218795888399411e-01
3.706789716545814173e+01 6.571218795888399411e-01
3.711535926170072486e+01 6.571218795888399411e-01
3.716282135794330799e+01 6.578560939794420026e-01
3.721028345418589112e+01 6.578560939794420026e-01
3.725774555042847425e+01 6.585903083700440641e-01
3.730520764667105738e+01 6.593245227606461256e-01
3.735266974291364050e+01 6.593245227606461256e-01
3.740013183915623074e+01 6.593245227606461256e-01
3.744759393539881387e+01 6.593245227606461256e-01
3.749505603164139700e+01 6.585903083700440641e-01
3.754251812788398013e+01 6.585903083700440641e-01
3.758998022412656326e+01 6.585903083700440641e-01
3.763744232036914639e+01 6.585903083700440641e-01
3.768490441661172952e+01 6.585903083700440641e-01
3.773236651285431265e+01 6.578560939794420026e-01
3.777982860909690288e+01 6.578560939794420026e-01
3.782729070533948601e+01 6.571218795888399411e-01
3.787475280158206914e+01 6.571218795888399411e-01
3.792221489782465227e+01 6.578560939794420026e-01
3.796967699406723540e+01 6.578560939794420026e-01
3.801713909030981853e+01 6.578560939794420026e-01
3.806460118655240166e+01 6.585903083700440641e-01
3.811206328279499189e+01 6.585903083700440641e-01
3.815952537903757502e+01 6.600587371512481871e-01
3.820698747528015815e+01 6.600587371512481871e-01
3.825444957152274128e+01 6.607929515418502486e-01
3.830191166776532441e+01 6.607929515418502486e-01
3.834937376400790754e+01 6.607929515418502486e-01
3.839683586025049067e+01 6.615271659324523101e-01
3.844429795649307380e+01 6.629955947136564332e-01
3.849176005273566403e+01 6.637298091042584947e-01
3.853922214897824716e+01 6.637298091042584947e-01
3.858668424522083029e+01 6.637298091042584947e-01
3.863414634146341342e+01 6.637298091042584947e-01
3.868160843770599655e+01 6.637298091042584947e-01
3.872907053394857968e+01 6.637298091042584947e-01
3.877653263019116281e+01 6.637298091042584947e-01
3.882399472643374594e+01 6.644640234948604451e-01
3.887145682267633617e+01 6.644640234948604451e-01
3.891891891891891930e+01 6.644640234948604451e-01
3.896638101516150243e+01 6.651982378854626177e-01
3.901384311140408556e+01 6.659324522760645682e-01
3.906130520764666869e+01 6.659324522760645682e-01
3.910876730388925182e+01 6.659324522760645682e-01
3.915622940013183495e+01 6.666666666666667407e-01
3.920369149637441808e+01 6.666666666666667407e-01
3.925115359261700831e+01 6.666666666666667407e-01
3.929861568885959144e+01 6.666666666666667407e-01
3.934607778510217457e+01 6.666666666666667407e-01
3.939353988134475770e+01 6.666666666666667407e-01
3.944100197758734083e+01 6.666666666666667407e-01
3.948846407382992396e+01 6.666666666666667407e-01
3.953592617007250709e+01 6.666666666666667407e-01
3.958338826631509733e+01 6.674008810572686912e-01
3.963085036255768046e+01 6.681350954478708637e-01
3.967831245880026358e+01 6.688693098384728142e-01
3.972577455504284671e+01 6.696035242290749867e-01
3.977323665128542984e+01 6.710719530102789987e-01
3.982069874752801297e+01 6.696035242290749867e-01
3.986816084377059610e+01 6.688693098384728142e-01
3.991562294001317923e+01 6.688693098384728142e-01
3.996308503625576947e+01 6.688693098384728142e-01
4.001054713249835260e+01 6.688693098384728142e-01
4.005800922874093573e+01 6.688693098384728142e-01
4.010547132498351885e+01 6.688693098384728142e-01
4.015293342122610198e+01 6.696035242290749867e-01
4.020039551746868511e+01 6.703377386196769372e-01
4.024785761371126824e+01 6.710719530102789987e-01
4.029531970995385137e+01 6.710719530102789987e-01
4.034278180619644161e+01 6.710719530102789987e-01
4.039024390243902474e+01 6.710719530102789987e-01
4.043770599868160787e+01 6.710719530102789987e-01
4.048516809492419100e+01 6.710719530102789987e-01
4.053263019116677413e+01 6.718061674008810602e-01
4.058009228740935725e+01 6.718061674008810602e-01
4.062755438365194038e+01 6.718061674008810602e-01
4.067501647989452351e+01 6.718061674008810602e-01
4.072247857613711375e+01 6.725403817914831217e-01
4.076994067237969688e+01 6.725403817914831217e-01
4.081740276862228001e+01 6.732745961820851832e-01
4.086486486486486314e+01 6.747430249632893062e-01
4.091232696110744627e+01 6.762114537444934292e-01
4.095978905735002940e+01 6.762114537444934292e-01
4.100725115359261252e+01 6.762114537444934292e-01
4.105471324983520276e+01 6.762114537444934292e-01
4.110217534607778589e+01 6.762114537444934292e-01
4.114963744232036902e+01 6.754772393538913677e-01
4.119709953856295215e+01 6.754772393538913677e-01
4.124456163480553528e+01 6.754772393538913677e-01
4.129202373104811841e+01 6.754772393538913677e-01
4.133948582729070154e+01 6.754772393538913677e-01
4.138694792353328467e+01 6.754772393538913677e-01
4.143441001977587490e+01 6.754772393538913677e-01
4.148187211601845803e+01 6.754772393538913677e-01
4.152933421226104116e+01 6.754772393538913677e-01
4.157679630850362429e+01 6.754772393538913677e-01
4.162425840474620742e+01 6.754772393538913677e-01
4.167172050098879055e+01 6.754772393538913677e-01
4.171918259723137368e+01 6.754772393538913677e-01
4.176664469347395681e+01 6.754772393538913677e-01
4.181410678971654704e+01 6.754772393538913677e-01
4.186156888595913017e+01 6.754772393538913677e-01
4.190903098220171330e+01 6.754772393538913677e-01
4.195649307844429643e+01 6.754772393538913677e-01
4.200395517468687956e+01 6.754772393538913677e-01
4.205141727092946269e+01 6.754772393538913677e-01
4.209887936717204582e+01 6.754772393538913677e-01
4.214634146341462895e+01 6.754772393538913677e-01
4.219380355965721918e+01 6.747430249632893062e-01
4.224126565589980231e+01 6.747430249632893062e-01
4.228872775214238544e+01 6.747430249632893062e-01
4.233618984838496857e+01 6.740088105726872447e-01
4.238365194462755170e+01 6.740088105726872447e-01
4.243111404087013483e+01 6.732745961820851832e-01
4.247857613711271796e+01 6.725403817914831217e-01
4.252603823335530819e+01 6.718061674008810602e-01
4.257350032959789132e+01 6.718061674008810602e-01
4.262096242584047445e+01 6.718061674008810602e-01
4.266842452208305758e+01 6.718061674008810602e-01
4.271588661832564071e+01 6.718061674008810602e-01
4.276334871456822384e+01 6.718061674008810602e-01
4.281081081081080697e+01 6.718061674008810602e-01
4.285827290705339010e+01 6.718061674008810602e-01
4.290573500329598033e+01 6.725403817914831217e-01
4.295319709953856346e+01 6.740088105726872447e-01
4.300065919578114659e+01 6.747430249632893062e-01
4.304812129202372972e+01 6.754772393538913677e-01
4.309558338826631285e+01 6.754772393538913677e-01
4.314304548450889598e+01 6.754772393538913677e-01
4.319050758075147911e+01 6.762114537444934292e-01
4.323796967699406224e+01 6.769456681350954907e-01
4.328543177323665248e+01 6.784140969162995027e-01
4.333289386947923560e+01 6.791483113069016753e-01
4.338035596572181873e+01 6.791483113069016753e-01
4.342781806196440186e+01 6.791483113069016753e-01
4.347528015820698499e+01 6.791483113069016753e-01
4.352274225444956812e+01 6.798825256975036258e-01
4.357020435069215125e+01 6.798825256975036258e-01
4.361766644693473438e+01 6.798825256975036258e-01
4.366512854317732462e+01 6.798825256975036258e-01
4.371259063941990775e+01 6.806167400881057983e-01
4.376005273566249087e+01 6.828193832599118718e-01
4.380751483190507400e+01 6.835535976505140443e-01
4.385497692814765713e+01 6.850220264317180563e-01
4.390243902439024026e+01 6.857562408223201178e-01
4.394990112063282339e+01 6.864904552129221793e-01
4.399736321687540652e+01 6.864904552129221793e-01
4.404482531311799676e+01 6.872246696035242408e-01
4.409228740936057989e+01 6.872246696035242408e-01
4.413974950560316302e+01 6.872246696035242408e-01
4.418721160184574615e+01 6.872246696035242408e-01
4.423467369808832927e+01 6.872246696035242408e-01
4.428213579433091240e+01 6.872246696035242408e-01
4.432959789057349553e+01 6.872246696035242408e-01
4.437705998681608577e+01 6.872246696035242408e-01
4.442452208305866890e+01 6.864904552129221793e-01
4.447198417930125203e+01 6.864904552129221793e-01
4.451944627554383516e+01 6.864904552129221793e-01
4.456690837178641829e+01 6.864904552129221793e-01
4.461437046802900142e+01 6.864904552129221793e-01
4.466183256427158454e+01 6.864904552129221793e-01
4.470929466051416767e+01 6.864904552129221793e-01
4.475675675675675791e+01 6.857562408223201178e-01
4.480421885299934104e+01 6.864904552129221793e-01
4.485168094924192417e+01 6.864904552129221793e-01
4.489914304548450730e+01 6.864904552129221793e-01
4.494660514172709043e+01 6.864904552129221793e-01
4.499406723796967356e+01 6.864904552129221793e-01
4.504152933421225669e+01 6.864904552129221793e-01
4.508899143045483981e+01 6.864904552129221793e-01
4.513645352669743005e+01 6.864904552129221793e-01
4.518391562294001318e+01 6.872246696035242408e-01
4.523137771918259631e+01 6.872246696035242408e-01
4.527883981542517944e+01 6.872246696035242408e-01
4.532630191166776257e+01 6.872246696035242408e-01
4.537376400791034570e+01 6.872246696035242408e-01
4.542122610415292883e+01 6.872246696035242408e-01
4.546868820039551196e+01 6.872246696035242408e-01
4.551615029663810219e+01 6.872246696035242408e-01
4.556361239288068532e+01 6.872246696035242408e-01
4.561107448912326845e+01 6.872246696035242408e-01
4.565853658536585158e+01 6.872246696035242408e-01
4.570599868160843471e+01 6.872246696035242408e-01
4.575346077785101784e+01 6.872246696035242408e-01
4.580092287409360097e+01 6.872246696035242408e-01
4.584838497033619120e+01 6.872246696035242408e-01
4.589584706657877433e+01 6.872246696035242408e-01
4.594330916282135746e+01 6.872246696035242408e-01
4.599077125906394059e+01 6.872246696035242408e-01
4.603823335530652372e+01 6.872246696035242408e-01
4.608569545154910685e+01 6.872246696035242408e-01
4.613315754779168998e+01 6.872246696035242408e-01
4.618061964403427311e+01 6.872246696035242408e-01
4.622808174027686334e+01 6.879588839941263023e-01
4.627554383651944647e+01 6.879588839941263023e-01
4.632300593276202960e+01 6.886930983847283638e-01
4.637046802900461273e+01 6.894273127753304253e-01
4.641793012524719586e+01 6.894273127753304253e-01
4.646539222148977899e+01 6.894273127753304253e-01
4.651285431773236212e+01 6.894273127753304253e-01
4.656031641397494525e+01 6.901615271659324868e-01
4.660777851021753548e+01 6.901615271659324868e-01
4.665524060646011861e+01 6.901615271659324868e-01
4.670270270270270174e+01 6.901615271659324868e-01
4.675016479894528487e+01 6.901615271659324868e-01
4.679762689518786800e+01 6.908957415565345483e-01
4.684508899143045113e+01 6.908957415565345483e-01
4.689255108767303426e+01 6.916299559471366099e-01
4.694001318391561739e+01 6.923641703377385603e-01
4.698747528015820762e+01 6.916299559471366099e-01
4.703493737640079075e+01 6.916299559471366099e-01
4.708239947264337388e+01 6.916299559471366099e-01
4.712986156888595701e+01 6.916299559471366099e-01
4.717732366512854014e+01 6.916299559471366099e-01
4.722478576137112327e+01 6.908957415565345483e-01
4.727224785761370640e+01 6.908957415565345483e-01
4.731970995385629664e+01 6.908957415565345483e-01
4.736717205009887977e+01 6.916299559471366099e-01
4.741463414634146289e+01 6.916299559471366099e-01
4.746209624258404602e+01 6.916299559471366099e-01
4.750955833882662915e+01 6.930983847283407329e-01
4.755702043506921228e+01 6.930983847283407329e-01
4.760448253131179541e+01 6.938325991189426833e-01
4.765194462755437854e+01 6.938325991189426833e-01
4.769940672379696878e+01 6.938325991189426833e-01
4.774686882003955191e+01 6.938325991189426833e-01
4.779433091628213504e+01 6.938325991189426833e-01
4.784179301252471816e+01 6.938325991189426833e-01
4.788925510876730129e+01 6.938325991189426833e-01
4.793671720500988442e+01 6.945668135095448559e-01
4.798417930125246755e+01 6.945668135095448559e-01
4.803164139749505068e+01 6.945668135095448559e-01
4.807910349373764092e+01 6.945668135095448559e-01
4.812656558998022405e+01 6.960352422907489789e-01
4.817402768622280718e+01 6.960352422907489789e-01
4.822148978246539031e+01 6.967694566813509294e-01
4.826895187870797344e+01 6.989720998531571139e-01
4.831641397495055656e+01 6.997063142437591754e-01
4.836387607119313969e+01 7.004405286343612369e-01
4.841133816743572282e+01 7.011747430249632984e-01
4.845880026367831306e+01 7.011747430249632984e-01
4.850626235992089619e+01 7.026431718061674214e-01
4.855372445616347932e+01 7.033773861967694829e-01
4.860118655240606245e+01 7.048458149779736059e-01
4.864864864864864558e+01 7.055800293685756674e-01
4.869611074489122871e+01 7.063142437591776179e-01
4.874357284113381183e+01 7.077826725403817409e-01
4.879103493737640207e+01 7.077826725403817409e-01
4.883849703361898520e+01 7.085168869309839135e-01
4.888595912986156833e+01 7.085168869309839135e-01
4.893342122610415146e+01 7.085168869309839135e-01
4.898088332234673459e+01 7.085168869309839135e-01
4.902834541858931772e+01 7.085168869309839135e-01
4.907580751483190085e+01 7.085168869309839135e-01
4.912326961107448398e+01 7.085168869309839135e-01
4.917073170731707421e+01 7.085168869309839135e-01
4.921819380355965734e+01 7.092511013215858640e-01
4.926565589980224047e+01 7.092511013215858640e-01
4.931311799604482360e+01 7.092511013215858640e-01
4.936058009228740673e+01 7.107195301027899870e-01
4.940804218852998986e+01 7.114537444933921595e-01
4.945550428477257299e+01 7.114537444933921595e-01
4.950296638101515612e+01 7.121879588839941100e-01
4.955042847725774635e+01 7.121879588839941100e-01
4.959789057350032948e+01 7.129221732745961715e-01
4.964535266974291261e+01 7.129221732745961715e-01
4.969281476598549574e+01 7.129221732745961715e-01
4.974027686222807887e+01 7.129221732745961715e-01
4.978773895847066200e+01 7.129221732745961715e-01
4.983520105471324513e+01 7.129221732745961715e-01
4.988266315095582826e+01 7.143906020558002945e-01
4.993012524719841849e+01 7.151248164464023560e-01
4.997758734344100162e+01 7.151248164464023560e-01
5.002504943968358475e+01 7.151248164464023560e-01
5.007251153592616788e+01 7.151248164464023560e-01
5.011997363216875101e+01 7.151248164464023560e-01
5.016743572841133414e+01 7.151248164464023560e-01
5.021489782465391727e+01 7.158590308370044175e-01
5.026235992089650750e+01 7.165932452276064790e-01
5.030982201713909063e+01 7.173274596182085405e-01
5.035728411338167376e+01 7.180616740088106020e-01
5.040474620962425689e+01 7.195301027900147250e-01
5.045220830586684002e+01 7.209985315712188481e-01
5.049967040210942315e+01 7.217327459618207985e-01
5.054713249835200628e+01 7.217327459618207985e-01
5.059459459459458941e+01 7.217327459618207985e-01
5.064205669083717964e+01 7.209985315712188481e-01
5.068951878707976277e+01 7.209985315712188481e-01
5.073698088332234590e+01 7.209985315712188481e-01
5.078444297956492903e+01 7.217327459618207985e-01
5.083190507580751216e+01 7.224669603524229711e-01
5.087936717205009529e+01 7.224669603524229711e-01
5.092682926829267842e+01 7.224669603524229711e-01
5.097429136453526155e+01 7.224669603524229711e-01
5.102175346077785179e+01 7.232011747430249216e-01
5.106921555702043491e+01 7.232011747430249216e-01
5.111667765326301804e+01 7.232011747430249216e-01
5.116413974950560117e+01 7.239353891336270941e-01
5.121160184574818430e+01 7.239353891336270941e-01
5.125906394199076743e+01 7.239353891336270941e-01
5.130652603823335056e+01 7.254038179148312171e-01
5.135398813447593369e+01 7.261380323054331676e-01
5.140145023071852393e+01 7.268722466960353401e-01
5.144891232696110706e+01 7.268722466960353401e-01
5.149637442320369018e+01 7.268722466960353401e-01
5.154383651944627331e+01 7.268722466960353401e-01
5.159129861568885644e+01 7.268722466960353401e-01
5.163876071193143957e+01 7.268722466960353401e-01
5.168622280817402270e+01 7.268722466960353401e-01
5.173368490441661294e+01 7.268722466960353401e-01
5.178114700065919607e+01 7.276064610866372906e-01
5.182860909690177920e+01 7.283406754772393521e-01
5.187607119314436233e+01 7.298091042584434751e-01
5.192353328938694546e+01 7.298091042584434751e-01
5.197099538562952858e+01 7.298091042584434751e-01
5.201845748187211171e+01 7.298091042584434751e-01
5.206591957811469484e+01 7.305433186490455366e-01
5.211338167435728508e+01 7.312775330396475981e-01
5.216084377059986821e+01 7.312775330396475981e-01
5.220830586684245134e+01 7.312775330396475981e-01
5.225576796308503447e+01 7.312775330396475981e-01
5.230323005932761760e+01 7.312775330396475981e-01
5.235069215557020073e+01 7.312775330396475981e-01
5.239815425181278385e+01 7.320117474302496596e-01
5.244561634805536698e+01 7.342143906020557331e-01
5.249307844429795722e+01 7.349486049926579057e-01
5.254054054054054035e+01 7.364170337738620287e-01
5.258800263678312348e+01 7.378854625550661517e-01
5.263546473302570661e+01 7.386196769456681022e-01
5.268292682926828974e+01 7.386196769456681022e-01
5.273038892551087287e+01 7.386196769456681022e-01
5.277785102175345600e+01 7.386196769456681022e-01
5.282531311799603913e+01 7.386196769456681022e-01
5.287277521423862936e+01 7.386196769456681022e-01
5.292023731048121249e+01 7.386196769456681022e-01
5.296769940672379562e+01 7.393538913362702747e-01
5.301516150296637875e+01 7.408223201174743977e-01
5.306262359920896188e+01 7.422907488986784097e-01
5.311008569545154501e+01 7.422907488986784097e-01
5.315754779169412814e+01 7.430249632892804712e-01
5.320500988793671837e+01 7.437591776798825327e-01
5.325247198417930150e+01 7.444933920704845942e-01
5.329993408042188463e+01 7.452276064610866557e-01
5.334739617666446776e+01 7.459618208516887172e-01
5.339485827290705089e+01 7.459618208516887172e-01
5.344232036914963402e+01 7.459618208516887172e-01
5.348978246539221715e+01 7.459618208516887172e-01
5.353724456163480028e+01 7.459618208516887172e-01
5.358470665787739051e+01 7.459618208516887172e-01
5.363216875411997364e+01 7.459618208516887172e-01
5.367963085036255677e+01 7.466960352422907787e-01
5.372709294660513990e+01 7.481644640234949017e-01
5.377455504284772303e+01 7.496328928046989137e-01
5.382201713909030616e+01 7.503671071953010863e-01
5.386947923533288929e+01 7.503671071953010863e-01
5.391694133157547242e+01 7.518355359765052093e-01
5.396440342781806265e+01 7.518355359765052093e-01
5.401186552406064578e+01 7.525697503671071598e-01
5.405932762030322891e+01 7.525697503671071598e-01
5.410678971654581204e+01 7.525697503671071598e-01
5.415425181278839517e+01 7.525697503671071598e-01
5.420171390903097830e+01 7.533039647577093323e-01
5.424917600527356143e+01 7.533039647577093323e-01
5.429663810151614456e+01 7.533039647577093323e-01
5.434410019775873479e+01 7.540381791483112828e-01
5.439156229400131792e+01 7.540381791483112828e-01
5.443902439024390105e+01 7.540381791483112828e-01
5.448648648648648418e+01 7.540381791483112828e-01
5.453394858272906731e+01 7.540381791483112828e-01
5.458141067897165044e+01 7.540381791483112828e-01
5.462887277521423357e+01 7.540381791483112828e-01
5.467633487145681670e+01 7.540381791483112828e-01
5.472379696769940693e+01 7.540381791483112828e-01
5.477125906394199006e+01 7.540381791483112828e-01
5.481872116018457319e+01 7.540381791483112828e-01
5.486618325642715632e+01 7.547723935389133443e-01
5.491364535266973945e+01 7.555066079295154058e-01
5.496110744891232258e+01 7.555066079295154058e-01
5.500856954515490571e+01 7.562408223201174673e-01
5.505603164139749595e+01 7.569750367107195288e-01
5.510349373764007908e+01 7.569750367107195288e-01
5.515095583388266220e+01 7.569750367107195288e-01
5.519841793012524533e+01 7.584434654919236518e-01
5.524588002636782846e+01 7.584434654919236518e-01
5.529334212261041159e+01 7.591776798825257133e-01
5.534080421885299472e+01 7.591776798825257133e-01
5.538826631509557785e+01 7.591776798825257133e-01
5.543572841133816809e+01 7.599118942731277748e-01
5.548319050758075122e+01 7.599118942731277748e-01
5.553065260382333435e+01 7.599118942731277748e-01
5.557811470006591748e+01 7.599118942731277748e-01
5.562557679630850060e+01 7.599118942731277748e-01
5.567303889255108373e+01 7.599118942731277748e-01
5.572050098879366686e+01 7.599118942731277748e-01
5.576796308503624999e+01 7.599118942731277748e-01
5.581542518127884023e+01 7.599118942731277748e-01
5.586288727752142336e+01 7.613803230543318978e-01
5.591034937376400649e+01 7.613803230543318978e-01
5.595781147000658962e+01 7.613803230543318978e-01
5.600527356624917275e+01 7.628487518355360208e-01
5.605273566249175587e+01 7.628487518355360208e-01
5.610019775873433900e+01 7.635829662261380824e-01
5.614765985497692213e+01 7.657856093979442669e-01
5.619512195121951237e+01 7.665198237885462174e-01
5.624258404746209550e+01 7.665198237885462174e-01
5.629004614370467863e+01 7.672540381791483899e-01
5.633750823994726176e+01 7.672540381791483899e-01
5.638497033618984489e+01 7.672540381791483899e-01
5.643243243243242802e+01 7.672540381791483899e-01
5.647989452867501114e+01 7.672540381791483899e-01
5.652735662491760138e+01 7.672540381791483899e-01
5.657481872116018451e+01 7.672540381791483899e-01
5.662228081740276764e+01 7.672540381791483899e-01
5.666974291364535077e+01 7.672540381791483899e-01
5.671720500988793390e+01 7.672540381791483899e-01
5.676466710613051703e+01 7.672540381791483899e-01
5.681212920237310016e+01 7.672540381791483899e-01
5.685959129861568329e+01 7.672540381791483899e-01
5.690705339485827352e+01 7.672540381791483899e-01
5.695451549110085665e+01 7.672540381791483899e-01
5.700197758734343978e+01 7.672540381791483899e-01
5.704943968358602291e+01 7.672540381791483899e-01
5.709690177982860604e+01 7.672540381791483899e-01
5.714436387607118917e+01 7.672540381791483899e-01
5.719182597231377230e+01 7.672540381791483899e-01
5.723928806855635543e+01 7.672540381791483899e-01
5.728675016479894566e+01 7.672540381791483899e-01
5.733421226104152879e+01 7.672540381791483899e-01
5.738167435728411192e+01 7.672540381791483899e-01
5.742913645352669505e+01 7.672540381791483899e-01
5.747659854976927818e+01 7.672540381791483899e-01
5.752406064601186131e+01 7.672540381791483899e-01
5.757152274225444444e+01 7.672540381791483899e-01
5.761898483849702757e+01 7.672540381791483899e-01
5.766644693473961780e+01 7.672540381791483899e-01
5.771390903098220093e+01 7.672540381791483899e-01
5.776137112722478406e+01 7.672540381791483899e-01
5.780883322346736719e+01 7.679882525697503404e-01
5.785629531970995032e+01 7.679882525697503404e-01
5.790375741595253345e+01 7.679882525697503404e-01
5.795121951219511658e+01 7.679882525697503404e-01
5.799868160843770681e+01 7.679882525697503404e-01
5.804614370468028994e+01 7.679882525697503404e-01
5.809360580092287307e+01 7.679882525697503404e-01
5.814106789716545620e+01 7.679882525697503404e-01
5.818852999340803933e+01 7.679882525697503404e-01
5.823599208965062246e+01 7.687224669603524019e-01
5.828345418589320559e+01 7.687224669603524019e-01
5.833091628213578872e+01 7.687224669603524019e-01
5.837837837837837895e+01 7.687224669603524019e-01
5.842584047462096208e+01 7.701908957415565249e-01
5.847330257086354521e+01 7.709251101321585864e-01
5.852076466710612834e+01 7.723935389133627094e-01
5.856822676334871147e+01 7.738619676945668324e-01
5.861568885959129460e+01 7.738619676945668324e-01
5.866315095583387773e+01 7.745961820851688939e-01
5.871061305207646086e+01 7.745961820851688939e-01
5.875807514831905110e+01 7.745961820851688939e-01
5.880553724456163422e+01 7.745961820851688939e-01
5.885299934080421735e+01 7.745961820851688939e-01
5.890046143704680048e+01 7.745961820851688939e-01
5.894792353328938361e+01 7.745961820851688939e-01
5.899538562953196674e+01 7.745961820851688939e-01
5.904284772577454987e+01 7.745961820851688939e-01
5.909030982201713300e+01 7.745961820851688939e-01
5.913777191825972324e+01 7.745961820851688939e-01
5.918523401450230637e+01 7.753303964757709554e-01
5.923269611074488949e+01 7.753303964757709554e-01
5.928015820698747262e+01 7.753303964757709554e-01
5.932762030323005575e+01 7.760646108663730169e-01
5.937508239947263888e+01 7.760646108663730169e-01
5.942254449571522201e+01 7.767988252569750784e-01
5.947000659195781225e+01 7.775330396475771400e-01
5.951746868820039538e+01 7.790014684287811519e-01
5.956493078444297851e+01 7.790014684287811519e-01
5.961239288068556164e+01 7.790014684287811519e-01
5.965985497692814477e+01 7.790014684287811519e-01
5.970731707317072789e+01 7.804698972099852750e-01
5.975477916941331102e+01 7.804698972099852750e-01
5.980224126565589415e+01 7.804698972099852750e-01
5.984970336189848439e+01 7.804698972099852750e-01
5.989716545814106752e+01 7.804698972099852750e-01
5.994462755438365065e+01 7.804698972099852750e-01
5.999208965062623378e+01 7.804698972099852750e-01
6.003955174686881691e+01 7.804698972099852750e-01
6.008701384311140004e+01 7.804698972099852750e-01
6.013447593935398316e+01 7.812041116005874475e-01
6.018193803559656629e+01 7.819383259911893980e-01
6.022940013183915653e+01 7.819383259911893980e-01
6.027686222808173966e+01 7.819383259911893980e-01
6.032432432432432279e+01 7.819383259911893980e-01
6.037178642056690592e+01 7.819383259911893980e-01
6.041924851680948905e+01 7.819383259911893980e-01
6.046671061305207218e+01 7.826725403817914595e-01
6.051417270929465531e+01 7.826725403817914595e-01
6.056163480553723844e+01 7.826725403817914595e-01
6.060909690177982867e+01 7.826725403817914595e-01
6.065655899802241180e+01 7.826725403817914595e-01
6.070402109426499493e+01 7.841409691629955825e-01
6.075148319050757806e+01 7.856093979441997055e-01
6.079894528675016119e+01 7.863436123348017670e-01
6.084640738299274432e+01 7.878120411160058900e-01
6.089386947923532745e+01 7.885462555066079515e-01
6.094133157547791768e+01 7.900146842878120745e-01
6.098879367172050081e+01 7.900146842878120745e-01
6.103625576796308394e+01 7.900146842878120745e-01
6.108371786420566707e+01 7.900146842878120745e-01
6.113117996044825020e+01 7.900146842878120745e-01
6.117864205669083333e+01 7.900146842878120745e-01
6.122610415293341646e+01 7.900146842878120745e-01
6.127356624917599959e+01 7.900146842878120745e-01
6.132102834541858982e+01 7.900146842878120745e-01
6.136849044166117295e+01 7.907488986784141360e-01
6.141595253790375608e+01 7.907488986784141360e-01
6.146341463414633921e+01 7.914831130690161975e-01
6.151087673038892234e+01 7.914831130690161975e-01
6.155833882663150547e+01 7.914831130690161975e-01
6.160580092287408860e+01 7.907488986784141360e-01
6.165326301911667173e+01 7.900146842878120745e-01
6.170072511535926196e+01 7.900146842878120745e-01
6.174818721160184509e+01 7.900146842878120745e-01
6.179564930784442822e+01 7.900146842878120745e-01
6.184311140408701135e+01 7.900146842878120745e-01
6.189057350032959448e+01 7.900146842878120745e-01
6.193803559657217761e+01 7.900146842878120745e-01
6.198549769281476074e+01 7.900146842878120745e-01
6.203295978905734387e+01 7.907488986784141360e-01
6.208042188529993410e+01 7.914831130690161975e-01
6.212788398154251723e+01 7.936857562408223821e-01
6.217534607778510036e+01 7.944199706314243326e-01
6.222280817402768349e+01 7.944199706314243326e-01
6.227027027027026662e+01 7.944199706314243326e-01
6.231773236651284975e+01 7.951541850220265051e-01
6.236519446275543288e+01 7.966226138032305171e-01
6.241265655899802312e+01 7.973568281938325786e-01
6.246011865524060624e+01 7.973568281938325786e-01
6.250758075148318937e+01 7.973568281938325786e-01
6.255504284772577250e+01 7.973568281938325786e-01
6.260250494396835563e+01 7.973568281938325786e-01
6.264996704021093876e+01 7.973568281938325786e-01
6.269742913645352189e+01 7.980910425844346401e-01
6.274489123269610502e+01 7.988252569750367016e-01
6.279235332893869526e+01 7.995594713656387631e-01
6.283981542518127839e+01 8.010279001468428861e-01
6.288727752142386151e+01 8.010279001468428861e-01
6.293473961766644464e+01 8.017621145374449476e-01
6.298220171390902777e+01 8.017621145374449476e-01
6.302966381015161090e+01 8.017621145374449476e-01
6.307712590639419403e+01 8.017621145374449476e-01
6.312458800263677716e+01 8.017621145374449476e-01
6.317205009887936740e+01 8.017621145374449476e-01
6.321951219512195053e+01 8.017621145374449476e-01
6.326697429136453366e+01 8.024963289280470091e-01
6.331443638760711679e+01 8.024963289280470091e-01
6.336189848384969991e+01 8.032305433186490706e-01
6.340936058009228304e+01 8.039647577092511321e-01
6.345682267633486617e+01 8.039647577092511321e-01
6.350428477257744930e+01 8.046989720998531936e-01
6.355174686882003954e+01 8.046989720998531936e-01
6.359920896506262267e+01 8.054331864904552551e-01
6.364667106130520580e+01 8.054331864904552551e-01
6.369413315754778893e+01 8.054331864904552551e-01
6.374159525379037206e+01 8.054331864904552551e-01
6.378905735003295518e+01 8.054331864904552551e-01
6.383651944627553831e+01 8.054331864904552551e-01
6.388398154251812855e+01 8.054331864904552551e-01
6.393144363876071168e+01 8.054331864904552551e-01
6.397890573500329481e+01 8.054331864904552551e-01
6.402636783124587794e+01 8.054331864904552551e-01
6.407382992748846107e+01 8.054331864904552551e-01
6.412129202373104420e+01 8.076358296622614397e-01
6.416875411997362733e+01 8.083700440528633901e-01
6.421621621621621046e+01 8.083700440528633901e-01
6.426367831245879358e+01 8.091042584434655627e-01
6.431114040870137671e+01 8.091042584434655627e-01
6.435860250494395984e+01 8.091042584434655627e-01
6.440606460118654297e+01 8.091042584434655627e-01
6.445352669742914031e+01 8.091042584434655627e-01
6.450098879367172344e+01 8.091042584434655627e-01
6.454845088991430657e+01 8.091042584434655627e-01
6.459591298615688970e+01 8.091042584434655627e-01
6.464337508239947283e+01 8.091042584434655627e-01
6.469083717864205596e+01 8.098384728340675132e-01
6.473829927488463909e+01 8.098384728340675132e-01
6.478576137112722222e+01 8.105726872246695747e-01
6.483322346736980535e+01 8.113069016152716362e-01
6.488068556361238848e+01 8.113069016152716362e-01
6.492814765985497161e+01 8.120411160058736977e-01
6.497560975609755474e+01 8.120411160058736977e-01
6.502307185234013787e+01 8.127753303964757592e-01
6.507053394858272100e+01 8.127753303964757592e-01
6.511799604482530412e+01 8.135095447870778207e-01
6.516545814106788725e+01 8.142437591776798822e-01
6.521292023731048459e+01 8.157121879588840052e-01
6.526038233355306772e+01 8.157121879588840052e-01
6.530784442979565085e+01 8.157121879588840052e-01
6.535530652603823398e+01 8.157121879588840052e-01
6.540276862228081711e+01 8.157121879588840052e-01
6.545023071852340024e+01 8.157121879588840052e-01
6.549769281476598337e+01 8.157121879588840052e-01
6.554515491100856650e+01 8.164464023494860667e-01
6.559261700725114963e+01 8.164464023494860667e-01
6.564007910349373276e+01 8.171806167400881282e-01
6.568754119973631589e+01 8.179148311306901897e-01
6.573500329597889902e+01 8.179148311306901897e-01
6.578246539222148215e+01 8.186490455212922512e-01
6.582992748846406528e+01 8.186490455212922512e-01
6.587738958470664841e+01 8.193832599118943127e-01
6.592485168094924575e+01 8.193832599118943127e-01
6.597231377719182888e+01 8.201174743024963742e-01
6.601977587343441201e+01 8.201174743024963742e-01
6.606723796967699514e+01 8.201174743024963742e-01
6.611470006591957826e+01 8.201174743024963742e-01
6.616216216216216139e+01 8.201174743024963742e-01
6.620962425840474452e+01 8.201174743024963742e-01
6.625708635464732765e+01 8.201174743024963742e-01
6.630454845088991078e+01 8.201174743024963742e-01
6.635201054713249391e+01 8.201174743024963742e-01
6.639947264337507704e+01 8.201174743024963742e-01
6.644693473961766017e+01 8.201174743024963742e-01
6.649439683586024330e+01 8.208516886930984358e-01
6.654185893210282643e+01 8.208516886930984358e-01
6.658932102834540956e+01 8.215859030837004973e-01
6.663678312458799269e+01 8.237885462555065708e-01
6.668424522083059003e+01 8.252569750367106938e-01
6.673170731707317316e+01 8.252569750367106938e-01
6.677916941331575629e+01 8.267254038179148168e-01
6.682663150955833942e+01 8.267254038179148168e-01
6.687409360580092255e+01 8.267254038179148168e-01
6.692155570204350568e+01 8.267254038179148168e-01
6.696901779828608881e+01 8.267254038179148168e-01
6.701647989452867193e+01 8.267254038179148168e-01
6.706394199077125506e+01 8.274596182085168783e-01
6.711140408701383819e+01 8.274596182085168783e-01
6.715886618325642132e+01 8.274596182085168783e-01
6.720632827949900445e+01 8.274596182085168783e-01
6.725379037574158758e+01 8.274596182085168783e-01
6.730125247198417071e+01 8.281938325991189398e-01
6.734871456822675384e+01 8.281938325991189398e-01
6.739617666446935118e+01 8.289280469897210013e-01
6.744363876071193431e+01 8.296622613803230628e-01
6.749110085695451744e+01 8.303964757709251243e-01
6.753856295319710057e+01 8.303964757709251243e-01
6.758602504943968370e+01 8.303964757709251243e-01
6.763348714568226683e+01 8.318649045521292473e-01
6.768094924192484996e+01 8.325991189427313088e-01
6.772841133816743309e+01 8.333333333333333703e-01
6.777587343441001622e+01 8.333333333333333703e-01
6.782333553065259935e+01 8.333333333333333703e-01
6.787079762689518247e+01 8.333333333333333703e-01
6.791825972313776560e+01 8.340675477239354318e-01
6.796572181938034873e+01 8.340675477239354318e-01
6.801318391562293186e+01 8.340675477239354318e-01
6.806064601186551499e+01 8.340675477239354318e-01
6.810810810810809812e+01 8.340675477239354318e-01
6.815557020435069546e+01 8.340675477239354318e-01
6.820303230059327859e+01 8.348017621145374934e-01
6.825049439683586172e+01 8.355359765051395549e-01
6.829795649307844485e+01 8.370044052863436779e-01
6.834541858932102798e+01 8.377386196769456284e-01
6.839288068556361111e+01 8.384728340675478009e-01
6.844034278180619424e+01 8.406754772393538744e-01
6.848780487804877737e+01 8.399412628487518129e-01
6.853526697429136050e+01 8.392070484581497514e-01
6.858272907053394363e+01 8.392070484581497514e-01
6.863019116677652676e+01 8.392070484581497514e-01
6.867765326301910989e+01 8.392070484581497514e-01
6.872511535926169302e+01 8.392070484581497514e-01
6.877257745550427614e+01 8.406754772393538744e-01
6.882003955174685927e+01 8.406754772393538744e-01
6.886750164798945661e+01 8.414096916299559359e-01
6.891496374423203974e+01 8.414096916299559359e-01
6.896242584047462287e+01 8.414096916299559359e-01
6.900988793671720600e+01 8.414096916299559359e-01
6.905735003295978913e+01 8.414096916299559359e-01
6.910481212920237226e+01 8.414096916299559359e-01
6.915227422544495539e+01 8.414096916299559359e-01
6.919973632168753852e+01 8.414096916299559359e-01
6.924719841793012165e+01 8.414096916299559359e-01
6.929466051417270478e+01 8.414096916299559359e-01
6.934212261041528791e+01 8.414096916299559359e-01
6.938958470665787104e+01 8.421439060205579974e-01
6.943704680290045417e+01 8.421439060205579974e-01
6.948450889914303730e+01 8.421439060205579974e-01
6.953197099538562043e+01 8.421439060205579974e-01
6.957943309162820356e+01 8.428781204111600589e-01
6.962689518787080090e+01 8.428781204111600589e-01
6.967435728411338403e+01 8.428781204111600589e-01
6.972181938035596716e+01 8.421439060205579974e-01
6.976928147659855028e+01 8.421439060205579974e-01
6.981674357284113341e+01 8.421439060205579974e-01
6.986420566908371654e+01 8.414096916299559359e-01
6.991166776532629967e+01 8.414096916299559359e-01
6.995912986156888280e+01 8.414096916299559359e-01
7.000659195781146593e+01 8.414096916299559359e-01
7.005405405405404906e+01 8.414096916299559359e-01
7.010151615029663219e+01 8.414096916299559359e-01
7.014897824653921532e+01 8.414096916299559359e-01
7.019644034278179845e+01 8.421439060205579974e-01
7.024390243902438158e+01 8.428781204111600589e-01
7.029136453526696471e+01 8.436123348017621204e-01
7.033882663150956205e+01 8.443465491923641819e-01
7.038628872775214518e+01 8.450807635829662434e-01
7.043375082399472831e+01 8.450807635829662434e-01
7.048121292023731144e+01 8.458149779735683049e-01
7.052867501647989457e+01 8.458149779735683049e-01
7.057613711272247770e+01 8.458149779735683049e-01
7.062359920896506082e+01 8.458149779735683049e-01
7.067106130520764395e+01 8.465491923641703664e-01
7.071852340145022708e+01 8.465491923641703664e-01
7.076598549769281021e+01 8.465491923641703664e-01
7.081344759393539334e+01 8.472834067547724279e-01
7.086090969017797647e+01 8.472834067547724279e-01
7.090837178642055960e+01 8.472834067547724279e-01
7.095583388266314273e+01 8.465491923641703664e-01
7.100329597890572586e+01 8.465491923641703664e-01
7.105075807514830899e+01 8.465491923641703664e-01
7.109822017139090633e+01 8.458149779735683049e-01
7.114568226763348946e+01 8.465491923641703664e-01
7.119314436387607259e+01 8.458149779735683049e-01
7.124060646011865572e+01 8.472834067547724279e-01
7.128806855636123885e+01 8.480176211453744894e-01
7.133553065260382198e+01 8.487518355359765510e-01
7.138299274884640511e+01 8.487518355359765510e-01
